1152
-0.06000 0.16000 -0.27344
-0.06000 0.16000 1.54979
-0.05796 0.17553 -0.27344
-0.05796 0.17553 1.54979
-0.05796 0.14447 -0.27344
-0.05796 0.14447 1.54979
-0.05196 0.19000 -0.27344
-0.05196 0.19000 1.54979
-0.05196 0.13000 -0.27344
-0.05196 0.13000 1.54979
-0.05000 0.16000 -0.27344
-0.05000 0.16000 1.54979
-0.04830 0.17294 -0.27344
-0.04830 0.17294 1.54979
-0.04830 0.14706 -0.27344
-0.04830 0.14706 1.54979
-0.04330 0.18500 -0.27344
-0.04330 0.18500 1.54979
-0.04330 0.13500 -0.27344
-0.04330 0.13500 1.54979
-0.04243 0.20243 -0.27344
-0.04243 0.20243 1.54979
-0.04243 0.11757 -0.27344
-0.04243 0.11757 1.54979
-0.03536 0.19536 -0.27344
-0.03536 0.19536 1.54979
-0.03536 0.12464 -0.27344
-0.03536 0.12464 1.54979
-0.03000 0.21196 -0.27344
-0.03000 0.21196 1.54979
-0.03000 0.10804 -0.27344
-0.03000 0.10804 1.54979
-0.02500 0.20330 -0.27344
-0.02500 0.20330 1.54979
-0.02500 0.11670 -0.27344
-0.02500 0.11670 1.54979
-0.01553 0.21796 -0.27344
-0.01553 0.21796 1.54979
-0.01553 0.10204 -0.27344
-0.01553 0.10204 1.54979
-0.01294 0.20830 -0.27344
-0.01294 0.20830 1.54979
-0.01294 0.11170 -0.27344
-0.01294 0.11170 1.54979
-0.00000 0.22000 -0.27344
0.00000 0.22000 1.54979
-0.00000 0.21000 -0.27344
0.00000 0.21000 1.54979
-0.00000 0.11000 -0.27344
0.00000 0.11000 1.54979
-0.00000 0.10000 -0.27344
0.00000 0.10000 1.54979
0.01294 0.20830 -0.27344
0.01294 0.20830 1.54979
0.01294 0.11170 -0.27344
0.01294 0.11170 1.54979
0.01553 0.21796 -0.27344
0.01553 0.21796 1.54979
0.01553 0.10204 -0.27344
0.01553 0.10204 1.54979
0.02500 0.20330 -0.27344
0.02500 0.20330 1.54979
0.02500 0.11670 -0.27344
0.02500 0.11670 1.54979
0.03000 0.21196 -0.27344
0.03000 0.21196 1.54979
0.03000 0.10804 -0.27344
0.03000 0.10804 1.54979
0.03536 0.19536 -0.27344
0.03536 0.19536 1.54979
0.03536 0.12464 -0.27344
0.03536 0.12464 1.54979
0.04243 0.20243 -0.27344
0.04243 0.20243 1.54979
0.04243 0.11757 -0.27344
0.04243 0.11757 1.54979
0.04330 0.18500 -0.27344
0.04330 0.18500 1.54979
0.04330 0.13500 -0.27344
0.04330 0.13500 1.54979
0.04830 0.17294 -0.27344
0.04830 0.17294 1.54979
0.04830 0.14706 -0.27344
0.04830 0.14706 1.54979
0.05000 0.16000 -0.27344
0.05000 0.16000 1.54979
0.05196 0.19000 -0.27344
0.05196 0.19000 1.54979
0.05196 0.13000 -0.27344
0.05196 0.13000 1.54979
0.05796 0.17553 -0.27344
0.05796 0.17553 1.54979
0.05796 0.14447 -0.27344
0.05796 0.14447 1.54979
0.06000 0.16000 -0.27344
0.06000 0.16000 1.54979
-0.06000 -0.16000 -0.27303
-0.06000 -0.16000 1.55021
-0.05796 -0.14447 -0.27303
-0.05796 -0.14447 1.55021
-0.05796 -0.17553 -0.27303
-0.05796 -0.17553 1.55021
-0.05196 -0.13000 -0.27303
-0.05196 -0.13000 1.55021
-0.05196 -0.19000 -0.27303
-0.05196 -0.19000 1.55021
-0.05000 -0.16000 -0.27303
-0.05000 -0.16000 1.55021
-0.04830 -0.14706 -0.27303
-0.04830 -0.14706 1.55021
-0.04830 -0.17294 -0.27303
-0.04830 -0.17294 1.55021
-0.04330 -0.13500 -0.27303
-0.04330 -0.13500 1.55021
-0.04330 -0.18500 -0.27303
-0.04330 -0.18500 1.55021
-0.04243 -0.11757 -0.27303
-0.04243 -0.11757 1.55021
-0.04243 -0.20243 -0.27303
-0.04243 -0.20243 1.55021
-0.03536 -0.12464 -0.27303
-0.03536 -0.12464 1.55021
-0.03536 -0.19536 -0.27303
-0.03536 -0.19536 1.55021
-0.03000 -0.10804 -0.27303
-0.03000 -0.10804 1.55021
-0.03000 -0.21196 -0.27303
-0.03000 -0.21196 1.55021
-0.02500 -0.11670 -0.27303
-0.02500 -0.11670 1.55021
-0.02500 -0.20330 -0.27303
-0.02500 -0.20330 1.55021
-0.01553 -0.10204 -0.27303
-0.01553 -0.10204 1.55021
-0.01553 -0.21796 -0.27303
-0.01553 -0.21796 1.55021
-0.01294 -0.11170 -0.27303
-0.01294 -0.11170 1.55021
-0.01294 -0.20830 -0.27303
-0.01294 -0.20830 1.55021
-0.00000 -0.10000 -0.27303
0.00000 -0.10000 1.55021
-0.00000 -0.11000 -0.27303
0.00000 -0.11000 1.55021
-0.00000 -0.21000 -0.27303
0.00000 -0.21000 1.55021
-0.00000 -0.22000 -0.27303
0.00000 -0.22000 1.55021
0.01294 -0.11170 -0.27303
0.01294 -0.11170 1.55021
0.01294 -0.20830 -0.27303
0.01294 -0.20830 1.55021
0.01553 -0.10204 -0.27303
0.01553 -0.10204 1.55021
0.01553 -0.21796 -0.27303
0.01553 -0.21796 1.55021
0.02500 -0.11670 -0.27303
0.02500 -0.11670 1.55021
0.02500 -0.20330 -0.27303
0.02500 -0.20330 1.55021
0.03000 -0.10804 -0.27303
0.03000 -0.10804 1.55021
0.03000 -0.21196 -0.27303
0.03000 -0.21196 1.55021
0.03536 -0.12464 -0.27303
0.03536 -0.12464 1.55021
0.03536 -0.19536 -0.27303
0.03536 -0.19536 1.55021
0.04243 -0.11757 -0.27303
0.04243 -0.11757 1.55021
0.04243 -0.20243 -0.27303
0.04243 -0.20243 1.55021
0.04330 -0.13500 -0.27303
0.04330 -0.13500 1.55021
0.04330 -0.18500 -0.27303
0.04330 -0.18500 1.55021
0.04830 -0.14706 -0.27303
0.04830 -0.14706 1.55021
0.04830 -0.17294 -0.27303
0.04830 -0.17294 1.55021
0.05000 -0.16000 -0.27303
0.05000 -0.16000 1.55021
0.05196 -0.13000 -0.27303
0.05196 -0.13000 1.55021
0.05196 -0.19000 -0.27303
0.05196 -0.19000 1.55021
0.05796 -0.14447 -0.27303
0.05796 -0.14447 1.55021
0.05796 -0.17553 -0.27303
0.05796 -0.17553 1.55021
0.06000 -0.16000 -0.27303
0.06000 -0.16000 1.55021
0.07856 -0.08000 -0.27303
0.07856 -0.08000 1.55021
0.08061 -0.06447 -0.27303
0.08061 -0.06447 1.55021
0.08061 -0.09553 -0.27303
0.08061 -0.09553 1.55021
0.08660 -0.05000 -0.27303
0.08660 -0.05000 1.55021
0.08660 -0.11000 -0.27303
0.08660 -0.11000 1.55021
0.08856 -0.08000 -0.27303
0.08856 -0.08000 1.55021
0.09027 -0.06706 -0.27303
0.09027 -0.06706 1.55021
0.09027 -0.09294 -0.27303
0.09027 -0.09294 1.55021
0.09526 -0.05500 -0.27303
0.09526 -0.05500 1.55021
0.09526 -0.10500 -0.27303
0.09526 -0.10500 1.55021
0.09614 -0.03757 -0.27303
0.09614 -0.03757 1.55021
0.09614 -0.12243 -0.27303
0.09614 -0.12243 1.55021
0.10321 -0.04464 -0.27303
0.10321 -0.04464 1.55021
0.10321 -0.11536 -0.27303
0.10321 -0.11536 1.55021
0.10856 -0.02804 -0.27303
0.10856 -0.02804 1.55021
0.10856 -0.13196 -0.27303
0.10856 -0.13196 1.55021
0.11356 -0.03670 -0.27303
0.11356 -0.03670 1.55021
0.11356 -0.12330 -0.27303
0.11356 -0.12330 1.55021
0.12303 -0.02204 -0.27303
0.12303 -0.02204 1.55021
0.12303 -0.13796 -0.27303
0.12303 -0.13796 1.55021
0.12562 -0.03170 -0.27303
0.12562 -0.03170 1.55021
0.12562 -0.12830 -0.27303
0.12562 -0.12830 1.55021
0.13856 -0.02000 -0.27303
0.13856 -0.02000 1.55021
0.13856 -0.03000 -0.27303
0.13856 -0.03000 1.55021
0.13856 -0.13000 -0.27303
0.13856 -0.13000 1.55021
0.13856 -0.14000 -0.27303
0.13856 -0.14000 1.55021
0.15150 -0.03170 -0.27303
0.15150 -0.03170 1.55021
0.15150 -0.12830 -0.27303
0.15150 -0.12830 1.55021
0.15409 -0.02204 -0.27303
0.15409 -0.02204 1.55021
0.15409 -0.13796 -0.27303
0.15409 -0.13796 1.55021
0.16356 -0.03670 -0.27303
0.16356 -0.03670 1.55021
0.16356 -0.12330 -0.27303
0.16356 -0.12330 1.55021
0.16856 -0.02804 -0.27303
0.16856 -0.02804 1.55021
0.16856 -0.13196 -0.27303
0.16856 -0.13196 1.55021
0.17392 -0.04464 -0.27303
0.17392 -0.04464 1.55021
0.17392 -0.11536 -0.27303
0.17392 -0.11536 1.55021
0.18099 -0.03757 -0.27303
0.18099 -0.03757 1.55021
0.18099 -0.12243 -0.27303
0.18099 -0.12243 1.55021
0.18187 -0.05500 -0.27303
0.18187 -0.05500 1.55021
0.18187 -0.10500 -0.27303
0.18187 -0.10500 1.55021
0.18686 -0.06706 -0.27303
0.18686 -0.06706 1.55021
0.18686 -0.09294 -0.27303
0.18686 -0.09294 1.55021
0.18856 -0.08000 -0.27303
0.18856 -0.08000 1.55021
0.19053 -0.05000 -0.27303
0.19053 -0.05000 1.55021
0.19053 -0.11000 -0.27303
0.19053 -0.11000 1.55021
0.19652 -0.06447 -0.27303
0.19652 -0.06447 1.55021
0.19652 -0.09553 -0.27303
0.19652 -0.09553 1.55021
0.19856 -0.08000 -0.27303
0.19856 -0.08000 1.55021
0.07856 0.08000 -0.27303
0.07856 0.08000 1.55021
0.08061 0.09553 -0.27303
0.08061 0.09553 1.55021
0.08061 0.06447 -0.27303
0.08061 0.06447 1.55021
0.08660 0.11000 -0.27303
0.08660 0.11000 1.55021
0.08660 0.05000 -0.27303
0.08660 0.05000 1.55021
0.08856 0.08000 -0.27303
0.08856 0.08000 1.55021
0.09027 0.09294 -0.27303
0.09027 0.09294 1.55021
0.09027 0.06706 -0.27303
0.09027 0.06706 1.55021
0.09526 0.10500 -0.27303
0.09526 0.10500 1.55021
0.09526 0.05500 -0.27303
0.09526 0.05500 1.55021
0.09614 0.12243 -0.27303
0.09614 0.12243 1.55021
0.09614 0.03757 -0.27303
0.09614 0.03757 1.55021
0.10321 0.11536 -0.27303
0.10321 0.11536 1.55021
0.10321 0.04464 -0.27303
0.10321 0.04464 1.55021
0.10856 0.13196 -0.27303
0.10856 0.13196 1.55021
0.10856 0.02804 -0.27303
0.10856 0.02804 1.55021
0.11356 0.12330 -0.27303
0.11356 0.12330 1.55021
0.11356 0.03670 -0.27303
0.11356 0.03670 1.55021
0.12303 0.13796 -0.27303
0.12303 0.13796 1.55021
0.12303 0.02204 -0.27303
0.12303 0.02204 1.55021
0.12562 0.12830 -0.27303
0.12562 0.12830 1.55021
0.12562 0.03170 -0.27303
0.12562 0.03170 1.55021
0.13856 0.14000 -0.27303
0.13856 0.14000 1.55021
0.13856 0.13000 -0.27303
0.13856 0.13000 1.55021
0.13856 0.03000 -0.27303
0.13856 0.03000 1.55021
0.13856 0.02000 -0.27303
0.13856 0.02000 1.55021
0.15150 0.12830 -0.27303
0.15150 0.12830 1.55021
0.15150 0.03170 -0.27303
0.15150 0.03170 1.55021
0.15409 0.13796 -0.27303
0.15409 0.13796 1.55021
0.15409 0.02204 -0.27303
0.15409 0.02204 1.55021
0.16356 0.12330 -0.27303
0.16356 0.12330 1.55021
0.16356 0.03670 -0.27303
0.16356 0.03670 1.55021
0.16856 0.13196 -0.27303
0.16856 0.13196 1.55021
0.16856 0.02804 -0.27303
0.16856 0.02804 1.55021
0.17392 0.11536 -0.27303
0.17392 0.11536 1.55021
0.17392 0.04464 -0.27303
0.17392 0.04464 1.55021
0.18099 0.12243 -0.27303
0.18099 0.12243 1.55021
0.18099 0.03757 -0.27303
0.18099 0.03757 1.55021
0.18187 0.10500 -0.27303
0.18187 0.10500 1.55021
0.18187 0.05500 -0.27303
0.18187 0.05500 1.55021
0.18686 0.09294 -0.27303
0.18686 0.09294 1.55021
0.18686 0.06706 -0.27303
0.18686 0.06706 1.55021
0.18856 0.08000 -0.27303
0.18856 0.08000 1.55021
0.19053 0.11000 -0.27303
0.19053 0.11000 1.55021
0.19053 0.05000 -0.27303
0.19053 0.05000 1.55021
0.19652 0.09553 -0.27303
0.19652 0.09553 1.55021
0.19652 0.06447 -0.27303
0.19652 0.06447 1.55021
0.19856 0.08000 -0.27303
0.19856 0.08000 1.55021
-0.19856 0.08000 -0.27303
-0.19856 0.08000 1.55021
-0.19652 0.09553 -0.27303
-0.19652 0.09553 1.55021
-0.19652 0.06447 -0.27303
-0.19652 0.06447 1.55021
-0.19053 0.11000 -0.27303
-0.19053 0.11000 1.55021
-0.19053 0.05000 -0.27303
-0.19053 0.05000 1.55021
-0.18856 0.08000 -0.27303
-0.18856 0.08000 1.55021
-0.18686 0.09294 -0.27303
-0.18686 0.09294 1.55021
-0.18686 0.06706 -0.27303
-0.18686 0.06706 1.55021
-0.18187 0.10500 -0.27303
-0.18187 0.10500 1.55021
-0.18187 0.05500 -0.27303
-0.18187 0.05500 1.55021
-0.18099 0.12243 -0.27303
-0.18099 0.12243 1.55021
-0.18099 0.03757 -0.27303
-0.18099 0.03757 1.55021
-0.17392 0.11536 -0.27303
-0.17392 0.11536 1.55021
-0.17392 0.04464 -0.27303
-0.17392 0.04464 1.55021
-0.16856 0.13196 -0.27303
-0.16856 0.13196 1.55021
-0.16856 0.02804 -0.27303
-0.16856 0.02804 1.55021
-0.16356 0.12330 -0.27303
-0.16356 0.12330 1.55021
-0.16356 0.03670 -0.27303
-0.16356 0.03670 1.55021
-0.15409 0.13796 -0.27303
-0.15409 0.13796 1.55021
-0.15409 0.02204 -0.27303
-0.15409 0.02204 1.55021
-0.15151 0.12830 -0.27303
-0.15151 0.12830 1.55021
-0.15151 0.03170 -0.27303
-0.15151 0.03170 1.55021
-0.13856 0.14000 -0.27303
-0.13856 0.14000 1.55021
-0.13856 0.13000 -0.27303
-0.13856 0.13000 1.55021
-0.13856 0.03000 -0.27303
-0.13856 0.03000 1.55021
-0.13856 0.02000 -0.27303
-0.13856 0.02000 1.55021
-0.12562 0.12830 -0.27303
-0.12562 0.12830 1.55021
-0.12562 0.03170 -0.27303
-0.12562 0.03170 1.55021
-0.12303 0.13796 -0.27303
-0.12303 0.13796 1.55021
-0.12303 0.02204 -0.27303
-0.12303 0.02204 1.55021
-0.11356 0.12330 -0.27303
-0.11356 0.12330 1.55021
-0.11356 0.03670 -0.27303
-0.11356 0.03670 1.55021
-0.10856 0.13196 -0.27303
-0.10856 0.13196 1.55021
-0.10856 0.02804 -0.27303
-0.10856 0.02804 1.55021
-0.10321 0.11536 -0.27303
-0.10321 0.11536 1.55021
-0.10321 0.04464 -0.27303
-0.10321 0.04464 1.55021
-0.09614 0.12243 -0.27303
-0.09614 0.12243 1.55021
-0.09614 0.03757 -0.27303
-0.09614 0.03757 1.55021
-0.09526 0.10500 -0.27303
-0.09526 0.10500 1.55021
-0.09526 0.05500 -0.27303
-0.09526 0.05500 1.55021
-0.09027 0.09294 -0.27303
-0.09027 0.09294 1.55021
-0.09027 0.06706 -0.27303
-0.09027 0.06706 1.55021
-0.08856 0.08000 -0.27303
-0.08856 0.08000 1.55021
-0.08660 0.11000 -0.27303
-0.08660 0.11000 1.55021
-0.08660 0.05000 -0.27303
-0.08660 0.05000 1.55021
-0.08061 0.09553 -0.27303
-0.08061 0.09553 1.55021
-0.08061 0.06447 -0.27303
-0.08061 0.06447 1.55021
-0.07856 0.08000 -0.27303
-0.07856 0.08000 1.55021
-0.19856 -0.08000 -0.27303
-0.19856 -0.08000 1.55021
-0.19652 -0.06447 -0.27303
-0.19652 -0.06447 1.55021
-0.19652 -0.09553 -0.27303
-0.19652 -0.09553 1.55021
-0.19053 -0.05000 -0.27303
-0.19053 -0.05000 1.55021
-0.19053 -0.11000 -0.27303
-0.19053 -0.11000 1.55021
-0.18856 -0.08000 -0.27303
-0.18856 -0.08000 1.55021
-0.18686 -0.06706 -0.27303
-0.18686 -0.06706 1.55021
-0.18686 -0.09294 -0.27303
-0.18686 -0.09294 1.55021
-0.18187 -0.05500 -0.27303
-0.18187 -0.05500 1.55021
-0.18187 -0.10500 -0.27303
-0.18187 -0.10500 1.55021
-0.18099 -0.03757 -0.27303
-0.18099 -0.03757 1.55021
-0.18099 -0.12243 -0.27303
-0.18099 -0.12243 1.55021
-0.17392 -0.04464 -0.27303
-0.17392 -0.04464 1.55021
-0.17392 -0.11536 -0.27303
-0.17392 -0.11536 1.55021
-0.16856 -0.02804 -0.27303
-0.16856 -0.02804 1.55021
-0.16856 -0.13196 -0.27303
-0.16856 -0.13196 1.55021
-0.16356 -0.03670 -0.27303
-0.16356 -0.03670 1.55021
-0.16356 -0.12330 -0.27303
-0.16356 -0.12330 1.55021
-0.15409 -0.02204 -0.27303
-0.15409 -0.02204 1.55021
-0.15409 -0.13796 -0.27303
-0.15409 -0.13796 1.55021
-0.15151 -0.03170 -0.27303
-0.15151 -0.03170 1.55021
-0.15151 -0.12830 -0.27303
-0.15151 -0.12830 1.55021
-0.13856 -0.02000 -0.27303
-0.13856 -0.02000 1.55021
-0.13856 -0.03000 -0.27303
-0.13856 -0.03000 1.55021
-0.13856 -0.13000 -0.27303
-0.13856 -0.13000 1.55021
-0.13856 -0.14000 -0.27303
-0.13856 -0.14000 1.55021
-0.12562 -0.03170 -0.27303
-0.12562 -0.03170 1.55021
-0.12562 -0.12830 -0.27303
-0.12562 -0.12830 1.55021
-0.12303 -0.02204 -0.27303
-0.12303 -0.02204 1.55021
-0.12303 -0.13796 -0.27303
-0.12303 -0.13796 1.55021
-0.11356 -0.03670 -0.27303
-0.11356 -0.03670 1.55021
-0.11356 -0.12330 -0.27303
-0.11356 -0.12330 1.55021
-0.10856 -0.02804 -0.27303
-0.10856 -0.02804 1.55021
-0.10856 -0.13196 -0.27303
-0.10856 -0.13196 1.55021
-0.10321 -0.04464 -0.27303
-0.10321 -0.04464 1.55021
-0.10321 -0.11536 -0.27303
-0.10321 -0.11536 1.55021
-0.09614 -0.03757 -0.27303
-0.09614 -0.03757 1.55021
-0.09614 -0.12243 -0.27303
-0.09614 -0.12243 1.55021
-0.09526 -0.05500 -0.27303
-0.09526 -0.05500 1.55021
-0.09526 -0.10500 -0.27303
-0.09526 -0.10500 1.55021
-0.09027 -0.06706 -0.27303
-0.09027 -0.06706 1.55021
-0.09027 -0.09294 -0.27303
-0.09027 -0.09294 1.55021
-0.08856 -0.08000 -0.27303
-0.08856 -0.08000 1.55021
-0.08660 -0.05000 -0.27303
-0.08660 -0.05000 1.55021
-0.08660 -0.11000 -0.27303
-0.08660 -0.11000 1.55021
-0.08061 -0.06447 -0.27303
-0.08061 -0.06447 1.55021
-0.08061 -0.09553 -0.27303
-0.08061 -0.09553 1.55021
-0.07856 -0.08000 -0.27303
-0.07856 -0.08000 1.55021
-0.17856 -0.08000 -1.54979
-0.17856 -0.08000 1.55021
-0.17720 -0.06965 -1.54979
-0.17720 -0.06965 1.55021
-0.17720 -0.09035 -1.54979
-0.17720 -0.09035 1.55021
-0.17321 -0.06000 -1.54979
-0.17321 -0.06000 1.55021
-0.17321 -0.10000 -1.54979
-0.17321 -0.10000 1.55021
-0.16856 -0.08000 -1.54979
-0.16856 -0.08000 1.55021
-0.16754 -0.07224 -1.54979
-0.16754 -0.07224 1.55021
-0.16754 -0.08776 -1.54979
-0.16754 -0.08776 1.55021
-0.16685 -0.05172 -1.54979
-0.16685 -0.05172 1.55021
-0.16685 -0.10828 -1.54979
-0.16685 -0.10828 1.55021
-0.16454 -0.06500 -1.54979
-0.16454 -0.06500 1.55021
-0.16454 -0.09500 -1.54979
-0.16454 -0.09500 1.55021
-0.15978 -0.05879 -1.54979
-0.15978 -0.05879 1.55021
-0.15978 -0.10121 -1.54979
-0.15978 -0.10121 1.55021
-0.15856 -0.04536 -1.54979
-0.15856 -0.04536 1.55021
-0.15856 -0.11464 -1.54979
-0.15856 -0.11464 1.55021
-0.15356 -0.05402 -1.54979
-0.15356 -0.05402 1.55021
-0.15356 -0.10598 -1.54979
-0.15356 -0.10598 1.55021
-0.14892 -0.04136 -1.54979
-0.14892 -0.04136 1.55021
-0.14892 -0.11864 -1.54979
-0.14892 -0.11864 1.55021
-0.14633 -0.05102 -1.54979
-0.14633 -0.05102 1.55021
-0.14633 -0.10898 -1.54979
-0.14633 -0.10898 1.55021
-0.13856 -0.04000 -1.54979
-0.13856 -0.04000 1.55021
-0.13856 -0.05000 -1.54979
-0.13856 -0.05000 1.55021
-0.13856 -0.11000 -1.54979
-0.13856 -0.11000 1.55021
-0.13856 -0.12000 -1.54979
-0.13856 -0.12000 1.55021
-0.13080 -0.05102 -1.54979
-0.13080 -0.05102 1.55021
-0.13080 -0.10898 -1.54979
-0.13080 -0.10898 1.55021
-0.12821 -0.04136 -1.54979
-0.12821 -0.04136 1.55021
-0.12821 -0.11864 -1.54979
-0.12821 -0.11864 1.55021
-0.12356 -0.05402 -1.54979
-0.12356 -0.05402 1.55021
-0.12356 -0.10598 -1.54979
-0.12356 -0.10598 1.55021
-0.11856 -0.04536 -1.54979
-0.11856 -0.04536 1.55021
-0.11856 -0.11464 -1.54979
-0.11856 -0.11464 1.55021
-0.11735 -0.05879 -1.54979
-0.11735 -0.05879 1.55021
-0.11735 -0.10121 -1.54979
-0.11735 -0.10121 1.55021
-0.11258 -0.06500 -1.54979
-0.11258 -0.06500 1.55021
-0.11258 -0.09500 -1.54979
-0.11258 -0.09500 1.55021
-0.11028 -0.05172 -1.54979
-0.11028 -0.05172 1.55021
-0.11028 -0.10828 -1.54979
-0.11028 -0.10828 1.55021
-0.10959 -0.07224 -1.54979
-0.10959 -0.07224 1.55021
-0.10959 -0.08776 -1.54979
-0.10959 -0.08776 1.55021
-0.10856 -0.08000 -1.54979
-0.10856 -0.08000 1.55021
-0.10392 -0.06000 -1.54979
-0.10392 -0.06000 1.55021
-0.10392 -0.10000 -1.54979
-0.10392 -0.10000 1.55021
-0.09993 -0.06965 -1.54979
-0.09993 -0.06965 1.55021
-0.09993 -0.09035 -1.54979
-0.09993 -0.09035 1.55021
-0.09856 -0.08000 -1.54979
-0.09856 -0.08000 1.55021
-0.04000 0.16000 -1.55021
-0.04000 0.16000 1.54979
-0.03864 0.17035 -1.55021
-0.03864 0.17035 1.54979
-0.03864 0.14965 -1.55021
-0.03864 0.14965 1.54979
-0.03464 0.18000 -1.55021
-0.03464 0.18000 1.54979
-0.03464 0.14000 -1.55021
-0.03464 0.14000 1.54979
-0.03000 0.16000 -1.55021
-0.03000 0.16000 1.54979
-0.02898 0.16776 -1.55021
-0.02898 0.16776 1.54979
-0.02898 0.15224 -1.55021
-0.02898 0.15224 1.54979
-0.02828 0.18828 -1.55021
-0.02828 0.18828 1.54979
-0.02828 0.13172 -1.55021
-0.02828 0.13172 1.54979
-0.02598 0.17500 -1.55021
-0.02598 0.17500 1.54979
-0.02598 0.14500 -1.55021
-0.02598 0.14500 1.54979
-0.02121 0.18121 -1.55021
-0.02121 0.18121 1.54979
-0.02121 0.13879 -1.55021
-0.02121 0.13879 1.54979
-0.02000 0.19464 -1.55021
-0.02000 0.19464 1.54979
-0.02000 0.12536 -1.55021
-0.02000 0.12536 1.54979
-0.01500 0.18598 -1.55021
-0.01500 0.18598 1.54979
-0.01500 0.13402 -1.55021
-0.01500 0.13402 1.54979
-0.01035 0.19864 -1.55021
-0.01035 0.19864 1.54979
-0.01035 0.12136 -1.55021
-0.01035 0.12136 1.54979
-0.00776 0.18898 -1.55021
-0.00776 0.18898 1.54979
-0.00776 0.13102 -1.55021
-0.00776 0.13102 1.54979
0.00000 0.20000 -1.55021
0.00000 0.20000 1.54979
0.00000 0.19000 -1.55021
0.00000 0.19000 1.54979
0.00000 0.13000 -1.55021
0.00000 0.13000 1.54979
0.00000 0.12000 -1.55021
0.00000 0.12000 1.54979
0.00776 0.18898 -1.55021
0.00776 0.18898 1.54979
0.00776 0.13102 -1.55021
0.00776 0.13102 1.54979
0.01035 0.19864 -1.55021
0.01035 0.19864 1.54979
0.01035 0.12136 -1.55021
0.01035 0.12136 1.54979
0.01500 0.18598 -1.55021
0.01500 0.18598 1.54979
0.01500 0.13402 -1.55021
0.01500 0.13402 1.54979
0.02000 0.19464 -1.55021
0.02000 0.19464 1.54979
0.02000 0.12536 -1.55021
0.02000 0.12536 1.54979
0.02121 0.18121 -1.55021
0.02121 0.18121 1.54979
0.02121 0.13879 -1.55021
0.02121 0.13879 1.54979
0.02598 0.17500 -1.55021
0.02598 0.17500 1.54979
0.02598 0.14500 -1.55021
0.02598 0.14500 1.54979
0.02828 0.18828 -1.55021
0.02828 0.18828 1.54979
0.02828 0.13172 -1.55021
0.02828 0.13172 1.54979
0.02898 0.16776 -1.55021
0.02898 0.16776 1.54979
0.02898 0.15224 -1.55021
0.02898 0.15224 1.54979
0.03000 0.16000 -1.55021
0.03000 0.16000 1.54979
0.03464 0.18000 -1.55021
0.03464 0.18000 1.54979
0.03464 0.14000 -1.55021
0.03464 0.14000 1.54979
0.03864 0.17035 -1.55021
0.03864 0.17035 1.54979
0.03864 0.14965 -1.55021
0.03864 0.14965 1.54979
0.04000 0.16000 -1.55021
0.04000 0.16000 1.54979
-0.04000 -0.16000 -1.54979
-0.04000 -0.16000 1.55021
-0.03864 -0.14965 -1.54979
-0.03864 -0.14965 1.55021
-0.03864 -0.17035 -1.54979
-0.03864 -0.17035 1.55021
-0.03464 -0.14000 -1.54979
-0.03464 -0.14000 1.55021
-0.03464 -0.18000 -1.54979
-0.03464 -0.18000 1.55021
-0.03000 -0.16000 -1.54979
-0.03000 -0.16000 1.55021
-0.02898 -0.15224 -1.54979
-0.02898 -0.15224 1.55021
-0.02898 -0.16776 -1.54979
-0.02898 -0.16776 1.55021
-0.02828 -0.13172 -1.54979
-0.02828 -0.13172 1.55021
-0.02828 -0.18828 -1.54979
-0.02828 -0.18828 1.55021
-0.02598 -0.14500 -1.54979
-0.02598 -0.14500 1.55021
-0.02598 -0.17500 -1.54979
-0.02598 -0.17500 1.55021
-0.02121 -0.13879 -1.54979
-0.02121 -0.13879 1.55021
-0.02121 -0.18121 -1.54979
-0.02121 -0.18121 1.55021
-0.02000 -0.12536 -1.54979
-0.02000 -0.12536 1.55021
-0.02000 -0.19464 -1.54979
-0.02000 -0.19464 1.55021
-0.01500 -0.13402 -1.54979
-0.01500 -0.13402 1.55021
-0.01500 -0.18598 -1.54979
-0.01500 -0.18598 1.55021
-0.01035 -0.12136 -1.54979
-0.01035 -0.12136 1.55021
-0.01035 -0.19864 -1.54979
-0.01035 -0.19864 1.55021
-0.00776 -0.13102 -1.54979
-0.00776 -0.13102 1.55021
-0.00776 -0.18898 -1.54979
-0.00776 -0.18898 1.55021
0.00000 -0.12000 -1.54979
0.00000 -0.12000 1.55021
0.00000 -0.13000 -1.54979
0.00000 -0.13000 1.55021
0.00000 -0.19000 -1.54979
0.00000 -0.19000 1.55021
0.00000 -0.20000 -1.54979
0.00000 -0.20000 1.55021
0.00776 -0.13102 -1.54979
0.00776 -0.13102 1.55021
0.00776 -0.18898 -1.54979
0.00776 -0.18898 1.55021
0.01035 -0.12136 -1.54979
0.01035 -0.12136 1.55021
0.01035 -0.19864 -1.54979
0.01035 -0.19864 1.55021
0.01500 -0.13402 -1.54979
0.01500 -0.13402 1.55021
0.01500 -0.18598 -1.54979
0.01500 -0.18598 1.55021
0.02000 -0.12536 -1.54979
0.02000 -0.12536 1.55021
0.02000 -0.19464 -1.54979
0.02000 -0.19464 1.55021
0.02121 -0.13879 -1.54979
0.02121 -0.13879 1.55021
0.02121 -0.18121 -1.54979
0.02121 -0.18121 1.55021
0.02598 -0.14500 -1.54979
0.02598 -0.14500 1.55021
0.02598 -0.17500 -1.54979
0.02598 -0.17500 1.55021
0.02828 -0.13172 -1.54979
0.02828 -0.13172 1.55021
0.02828 -0.18828 -1.54979
0.02828 -0.18828 1.55021
0.02898 -0.15224 -1.54979
0.02898 -0.15224 1.55021
0.02898 -0.16776 -1.54979
0.02898 -0.16776 1.55021
0.03000 -0.16000 -1.54979
0.03000 -0.16000 1.55021
0.03464 -0.14000 -1.54979
0.03464 -0.14000 1.55021
0.03464 -0.18000 -1.54979
0.03464 -0.18000 1.55021
0.03864 -0.14965 -1.54979
0.03864 -0.14965 1.55021
0.03864 -0.17035 -1.54979
0.03864 -0.17035 1.55021
0.04000 -0.16000 -1.54979
0.04000 -0.16000 1.55021
0.09856 -0.08000 -1.54979
0.09856 -0.08000 1.55021
0.09993 -0.06965 -1.54979
0.09993 -0.06965 1.55021
0.09993 -0.09035 -1.54979
0.09993 -0.09035 1.55021
0.10392 -0.06000 -1.54979
0.10392 -0.06000 1.55021
0.10392 -0.10000 -1.54979
0.10392 -0.10000 1.55021
0.10856 -0.08000 -1.54979
0.10856 -0.08000 1.55021
0.10959 -0.07224 -1.54979
0.10959 -0.07224 1.55021
0.10959 -0.08776 -1.54979
0.10959 -0.08776 1.55021
0.11028 -0.05172 -1.54979
0.11028 -0.05172 1.55021
0.11028 -0.10828 -1.54979
0.11028 -0.10828 1.55021
0.11258 -0.06500 -1.54979
0.11258 -0.06500 1.55021
0.11258 -0.09500 -1.54979
0.11258 -0.09500 1.55021
0.11735 -0.05879 -1.54979
0.11735 -0.05879 1.55021
0.11735 -0.10121 -1.54979
0.11735 -0.10121 1.55021
0.11856 -0.04536 -1.54979
0.11856 -0.04536 1.55021
0.11856 -0.11464 -1.54979
0.11856 -0.11464 1.55021
0.12356 -0.05402 -1.54979
0.12356 -0.05402 1.55021
0.12356 -0.10598 -1.54979
0.12356 -0.10598 1.55021
0.12821 -0.04136 -1.54979
0.12821 -0.04136 1.55021
0.12821 -0.11864 -1.54979
0.12821 -0.11864 1.55021
0.13080 -0.05102 -1.54979
0.13080 -0.05102 1.55021
0.13080 -0.10898 -1.54979
0.13080 -0.10898 1.55021
0.13856 -0.04000 -1.54979
0.13856 -0.04000 1.55021
0.13856 -0.05000 -1.54979
0.13856 -0.05000 1.55021
0.13856 -0.11000 -1.54979
0.13856 -0.11000 1.55021
0.13856 -0.12000 -1.54979
0.13856 -0.12000 1.55021
0.14633 -0.05102 -1.54979
0.14633 -0.05102 1.55021
0.14633 -0.10898 -1.54979
0.14633 -0.10898 1.55021
0.14892 -0.04136 -1.54979
0.14892 -0.04136 1.55021
0.14892 -0.11864 -1.54979
0.14892 -0.11864 1.55021
0.15356 -0.05402 -1.54979
0.15356 -0.05402 1.55021
0.15356 -0.10598 -1.54979
0.15356 -0.10598 1.55021
0.15856 -0.04536 -1.54979
0.15856 -0.04536 1.55021
0.15856 -0.11464 -1.54979
0.15856 -0.11464 1.55021
0.15978 -0.05879 -1.54979
0.15978 -0.05879 1.55021
0.15978 -0.10121 -1.54979
0.15978 -0.10121 1.55021
0.16454 -0.06500 -1.54979
0.16454 -0.06500 1.55021
0.16454 -0.09500 -1.54979
0.16454 -0.09500 1.55021
0.16685 -0.05172 -1.54979
0.16685 -0.05172 1.55021
0.16685 -0.10828 -1.54979
0.16685 -0.10828 1.55021
0.16754 -0.07224 -1.54979
0.16754 -0.07224 1.55021
0.16754 -0.08776 -1.54979
0.16754 -0.08776 1.55021
0.16856 -0.08000 -1.54979
0.16856 -0.08000 1.55021
0.17321 -0.06000 -1.54979
0.17321 -0.06000 1.55021
0.17321 -0.10000 -1.54979
0.17321 -0.10000 1.55021
0.17720 -0.06965 -1.54979
0.17720 -0.06965 1.55021
0.17720 -0.09035 -1.54979
0.17720 -0.09035 1.55021
0.17856 -0.08000 -1.54979
0.17856 -0.08000 1.55021
0.09856 0.08000 -1.54979
0.09856 0.08000 1.55021
0.09993 0.09035 -1.54979
0.09993 0.09035 1.55021
0.09993 0.06965 -1.54979
0.09993 0.06965 1.55021
0.10392 0.10000 -1.54979
0.10392 0.10000 1.55021
0.10392 0.06000 -1.54979
0.10392 0.06000 1.55021
0.10856 0.08000 -1.54979
0.10856 0.08000 1.55021
0.10959 0.08776 -1.54979
0.10959 0.08776 1.55021
0.10959 0.07224 -1.54979
0.10959 0.07224 1.55021
0.11028 0.10828 -1.54979
0.11028 0.10828 1.55021
0.11028 0.05172 -1.54979
0.11028 0.05172 1.55021
0.11258 0.09500 -1.54979
0.11258 0.09500 1.55021
0.11258 0.06500 -1.54979
0.11258 0.06500 1.55021
0.11735 0.10121 -1.54979
0.11735 0.10121 1.55021
0.11735 0.05879 -1.54979
0.11735 0.05879 1.55021
0.11856 0.11464 -1.54979
0.11856 0.11464 1.55021
0.11856 0.04536 -1.54979
0.11856 0.04536 1.55021
0.12356 0.10598 -1.54979
0.12356 0.10598 1.55021
0.12356 0.05402 -1.54979
0.12356 0.05402 1.55021
0.12821 0.11864 -1.54979
0.12821 0.11864 1.55021
0.12821 0.04136 -1.54979
0.12821 0.04136 1.55021
0.13080 0.10898 -1.54979
0.13080 0.10898 1.55021
0.13080 0.05102 -1.54979
0.13080 0.05102 1.55021
0.13856 0.12000 -1.54979
0.13856 0.12000 1.55021
0.13856 0.11000 -1.54979
0.13856 0.11000 1.55021
0.13856 0.05000 -1.54979
0.13856 0.05000 1.55021
0.13856 0.04000 -1.54979
0.13856 0.04000 1.55021
0.14633 0.10898 -1.54979
0.14633 0.10898 1.55021
0.14633 0.05102 -1.54979
0.14633 0.05102 1.55021
0.14892 0.11864 -1.54979
0.14892 0.11864 1.55021
0.14892 0.04136 -1.54979
0.14892 0.04136 1.55021
0.15356 0.10598 -1.54979
0.15356 0.10598 1.55021
0.15356 0.05402 -1.54979
0.15356 0.05402 1.55021
0.15856 0.11464 -1.54979
0.15856 0.11464 1.55021
0.15856 0.04536 -1.54979
0.15856 0.04536 1.55021
0.15978 0.10121 -1.54979
0.15978 0.10121 1.55021
0.15978 0.05879 -1.54979
0.15978 0.05879 1.55021
0.16454 0.09500 -1.54979
0.16454 0.09500 1.55021
0.16454 0.06500 -1.54979
0.16454 0.06500 1.55021
0.16685 0.10828 -1.54979
0.16685 0.10828 1.55021
0.16685 0.05172 -1.54979
0.16685 0.05172 1.55021
0.16754 0.08776 -1.54979
0.16754 0.08776 1.55021
0.16754 0.07224 -1.54979
0.16754 0.07224 1.55021
0.16856 0.08000 -1.54979
0.16856 0.08000 1.55021
0.17321 0.10000 -1.54979
0.17321 0.10000 1.55021
0.17321 0.06000 -1.54979
0.17321 0.06000 1.55021
0.17720 0.09035 -1.54979
0.17720 0.09035 1.55021
0.17720 0.06965 -1.54979
0.17720 0.06965 1.55021
0.17856 0.08000 -1.54979
0.17856 0.08000 1.55021
-0.17856 0.08000 -1.54979
-0.17856 0.08000 1.55021
-0.17720 0.09035 -1.54979
-0.17720 0.09035 1.55021
-0.17720 0.06965 -1.54979
-0.17720 0.06965 1.55021
-0.17321 0.10000 -1.54979
-0.17321 0.10000 1.55021
-0.17321 0.06000 -1.54979
-0.17321 0.06000 1.55021
-0.16856 0.08000 -1.54979
-0.16856 0.08000 1.55021
-0.16754 0.08776 -1.54979
-0.16754 0.08776 1.55021
-0.16754 0.07224 -1.54979
-0.16754 0.07224 1.55021
-0.16685 0.10828 -1.54979
-0.16685 0.10828 1.55021
-0.16685 0.05172 -1.54979
-0.16685 0.05172 1.55021
-0.16454 0.09500 -1.54979
-0.16454 0.09500 1.55021
-0.16454 0.06500 -1.54979
-0.16454 0.06500 1.55021
-0.15978 0.10121 -1.54979
-0.15978 0.10121 1.55021
-0.15978 0.05879 -1.54979
-0.15978 0.05879 1.55021
-0.15856 0.11464 -1.54979
-0.15856 0.11464 1.55021
-0.15856 0.04536 -1.54979
-0.15856 0.04536 1.55021
-0.15356 0.10598 -1.54979
-0.15356 0.10598 1.55021
-0.15356 0.05402 -1.54979
-0.15356 0.05402 1.55021
-0.14892 0.11864 -1.54979
-0.14892 0.11864 1.55021
-0.14892 0.04136 -1.54979
-0.14892 0.04136 1.55021
-0.14633 0.10898 -1.54979
-0.14633 0.10898 1.55021
-0.14633 0.05102 -1.54979
-0.14633 0.05102 1.55021
-0.13856 0.12000 -1.54979
-0.13856 0.12000 1.55021
-0.13856 0.11000 -1.54979
-0.13856 0.11000 1.55021
-0.13856 0.05000 -1.54979
-0.13856 0.05000 1.55021
-0.13856 0.04000 -1.54979
-0.13856 0.04000 1.55021
-0.13080 0.10898 -1.54979
-0.13080 0.10898 1.55021
-0.13080 0.05102 -1.54979
-0.13080 0.05102 1.55021
-0.12821 0.11864 -1.54979
-0.12821 0.11864 1.55021
-0.12821 0.04136 -1.54979
-0.12821 0.04136 1.55021
-0.12356 0.10598 -1.54979
-0.12356 0.10598 1.55021
-0.12356 0.05402 -1.54979
-0.12356 0.05402 1.55021
-0.11856 0.11464 -1.54979
-0.11856 0.11464 1.55021
-0.11856 0.04536 -1.54979
-0.11856 0.04536 1.55021
-0.11735 0.10121 -1.54979
-0.11735 0.10121 1.55021
-0.11735 0.05879 -1.54979
-0.11735 0.05879 1.55021
-0.11258 0.09500 -1.54979
-0.11258 0.09500 1.55021
-0.11258 0.06500 -1.54979
-0.11258 0.06500 1.55021
-0.11028 0.10828 -1.54979
-0.11028 0.10828 1.55021
-0.11028 0.05172 -1.54979
-0.11028 0.05172 1.55021
-0.10959 0.08776 -1.54979
-0.10959 0.08776 1.55021
-0.10959 0.07224 -1.54979
-0.10959 0.07224 1.55021
-0.10856 0.08000 -1.54979
-0.10856 0.08000 1.55021
-0.10392 0.10000 -1.54979
-0.10392 0.10000 1.55021
-0.10392 0.06000 -1.54979
-0.10392 0.06000 1.55021
-0.09993 0.09035 -1.54979
-0.09993 0.09035 1.55021
-0.09993 0.06965 -1.54979
-0.09993 0.06965 1.55021
-0.09856 0.08000 -1.54979
-0.09856 0.08000 1.55021
-0.99904 0.04380 0.00000
-0.99904 -0.04380 0.00000
-0.95366 0.30090 0.00000
-0.97635 0.21620 0.00000
-0.97635 -0.21620 0.00000
-0.95366 -0.30090 0.00000
-0.84328 0.53748 0.00000
-0.88711 0.46156 0.00000
-0.88711 -0.46156 0.00000
-0.84328 -0.53748 0.00000
0.99904 0.04380 0.00000
0.99904 -0.04380 0.00000
0.97635 -0.21620 0.00000
0.95366 -0.30090 0.00000
0.95366 0.30090 0.00000
0.97635 0.21620 0.00000
0.88711 -0.46156 0.00000
0.84328 -0.53748 0.00000
0.84328 0.53748 0.00000
0.88711 0.46156 0.00000
-0.67543 0.73743 0.00000
-0.73743 0.67543 0.00000
-0.73743 -0.67543 0.00000
-0.67543 -0.73743 0.00000
0.73743 -0.67543 0.00000
0.67543 -0.73743 0.00000
0.67543 0.73743 0.00000
0.73743 0.67543 0.00000
-0.46156 0.88711 0.00000
-0.53748 0.84328 0.00000
-0.53748 -0.84328 0.00000
-0.46156 -0.88711 0.00000
0.53748 -0.84328 0.00000
0.46156 -0.88711 0.00000
0.46156 0.88711 0.00000
0.53748 0.84328 0.00000
-0.21620 0.97635 0.00000
-0.30090 0.95366 0.00000
-0.30090 -0.95366 0.00000
-0.21620 -0.97635 0.00000
0.30090 -0.95366 0.00000
0.21620 -0.97635 0.00000
0.21620 0.97635 0.00000
0.30090 0.95366 0.00000
0.04380 0.99904 0.00000
-0.04380 0.99904 0.00000
0.04380 -0.99904 0.00000
-0.04380 -0.99904 0.00000
-0.04380 0.99904 0.00000
0.04380 0.99904 0.00000
-0.04380 -0.99904 0.00000
0.04380 -0.99904 0.00000
-0.21620 -0.97635 0.00000
-0.30090 -0.95366 0.00000
-0.30090 0.95366 0.00000
-0.21620 0.97635 0.00000
0.30090 0.95366 0.00000
0.21620 0.97635 0.00000
0.21620 -0.97635 0.00000
0.30090 -0.95366 0.00000
-0.46156 -0.88711 0.00000
-0.53748 -0.84328 0.00000
-0.53748 0.84328 0.00000
-0.46156 0.88711 0.00000
0.53748 0.84328 0.00000
0.46156 0.88711 0.00000
0.46156 -0.88711 0.00000
0.53748 -0.84328 0.00000
-0.67543 -0.73743 0.00000
-0.73743 -0.67543 0.00000
-0.73743 0.67543 0.00000
-0.67543 0.73743 0.00000
0.73743 0.67543 0.00000
0.67543 0.73743 0.00000
0.67543 -0.73743 0.00000
0.73743 -0.67543 0.00000
-0.84328 -0.53748 0.00000
-0.88711 -0.46156 0.00000
-0.88711 0.46156 0.00000
-0.84328 0.53748 0.00000
-0.95366 -0.30090 0.00000
-0.97635 -0.21620 0.00000
-0.97635 0.21620 0.00000
-0.95366 0.30090 0.00000
-0.99904 -0.04380 0.00000
-0.99904 0.04380 0.00000
0.88711 0.46156 0.00000
0.84328 0.53748 0.00000
0.84328 -0.53748 0.00000
0.88711 -0.46156 0.00000
0.97635 0.21620 0.00000
0.95366 0.30090 0.00000
0.95366 -0.30090 0.00000
0.97635 -0.21620 0.00000
0.99904 -0.04380 0.00000
0.99904 0.04380 0.00000
-0.99904 0.04380 0.00000
-0.99904 -0.04380 0.00000
-0.95366 0.30090 0.00000
-0.97635 0.21620 0.00000
-0.97635 -0.21620 0.00000
-0.95366 -0.30090 0.00000
-0.84328 0.53748 0.00000
-0.88711 0.46156 0.00000
-0.88711 -0.46156 0.00000
-0.84328 -0.53748 0.00000
0.99904 0.04380 0.00000
0.99904 -0.04380 0.00000
0.97635 -0.21620 0.00000
0.95366 -0.30090 0.00000
0.95366 0.30090 0.00000
0.97635 0.21620 0.00000
0.88711 -0.46156 0.00000
0.84328 -0.53748 0.00000
0.84328 0.53748 0.00000
0.88711 0.46156 0.00000
-0.67543 0.73743 0.00000
-0.73743 0.67543 0.00000
-0.73743 -0.67543 0.00000
-0.67543 -0.73743 0.00000
0.73743 -0.67543 0.00000
0.67543 -0.73743 0.00000
0.67543 0.73743 0.00000
0.73743 0.67543 0.00000
-0.46156 0.88711 0.00000
-0.53748 0.84328 0.00000
-0.53748 -0.84328 0.00000
-0.46156 -0.88711 0.00000
0.53748 -0.84328 0.00000
0.46152 -0.88713 0.00000
0.46156 0.88711 0.00000
0.53748 0.84328 0.00000
-0.21620 0.97635 0.00000
-0.30090 0.95366 0.00000
-0.30090 -0.95366 0.00000
-0.21620 -0.97635 0.00000
0.30090 -0.95366 0.00000
0.21620 -0.97635 0.00000
0.21620 0.97635 0.00000
0.30090 0.95366 0.00000
0.04380 0.99904 0.00000
-0.04380 0.99904 0.00000
0.04380 -0.99904 0.00000
-0.04380 -0.99904 0.00000
-0.04380 0.99904 0.00000
0.04380 0.99904 0.00000
-0.04380 -0.99904 0.00000
0.04380 -0.99904 0.00000
-0.21620 -0.97635 0.00000
-0.30090 -0.95366 0.00000
-0.30090 0.95366 0.00000
-0.21620 0.97635 0.00000
0.30090 0.95366 0.00000
0.21620 0.97635 0.00000
0.21620 -0.97635 0.00000
0.30090 -0.95366 0.00000
-0.46156 -0.88711 0.00000
-0.53748 -0.84328 0.00000
-0.53748 0.84328 0.00000
-0.46156 0.88711 0.00000
0.53748 0.84328 0.00000
0.46156 0.88711 0.00000
0.46156 -0.88711 0.00000
0.53748 -0.84328 0.00000
-0.67543 -0.73743 0.00000
-0.73743 -0.67543 0.00000
-0.73743 0.67543 0.00000
-0.67543 0.73743 0.00000
0.73743 0.67543 0.00000
0.67543 0.73743 0.00000
0.67543 -0.73743 0.00000
0.73743 -0.67543 0.00000
-0.84328 -0.53748 0.00000
-0.88711 -0.46156 0.00000
-0.88711 0.46156 0.00000
-0.84328 0.53748 0.00000
-0.95366 -0.30090 0.00000
-0.97635 -0.21620 0.00000
-0.97635 0.21620 0.00000
-0.95366 0.30090 0.00000
-0.99904 -0.04380 0.00000
-0.99904 0.04380 0.00000
0.88711 0.46156 0.00000
0.84328 0.53748 0.00000
0.84328 -0.53748 0.00000
0.88711 -0.46156 0.00000
0.97635 0.21620 0.00000
0.95366 0.30090 0.00000
0.95366 -0.30090 0.00000
0.97635 -0.21620 0.00000
0.99904 -0.04380 0.00000
0.99904 0.04380 0.00000
-0.99904 0.04380 0.00000
-0.99904 -0.04380 0.00000
-0.95366 0.30090 0.00000
-0.97635 0.21620 0.00000
-0.97635 -0.21620 0.00000
-0.95366 -0.30090 0.00000
-0.84328 0.53748 0.00000
-0.88711 0.46156 0.00000
-0.88711 -0.46156 0.00000
-0.84328 -0.53748 0.00000
0.99904 0.04380 0.00000
0.99904 -0.04380 0.00000
0.97635 -0.21620 0.00000
0.95366 -0.30090 0.00000
0.95366 0.30090 0.00000
0.97635 0.21620 0.00000
0.88711 -0.46156 0.00000
0.84328 -0.53748 0.00000
0.84328 0.53748 0.00000
0.88711 0.46156 0.00000
-0.67543 0.73743 0.00000
-0.73743 0.67543 0.00000
-0.73743 -0.67543 0.00000
-0.67543 -0.73743 0.00000
0.73743 -0.67543 0.00000
0.67543 -0.73743 0.00000
0.67543 0.73743 0.00000
0.73743 0.67543 0.00000
-0.46156 0.88711 0.00000
-0.53748 0.84328 0.00000
-0.53748 -0.84328 0.00000
-0.46156 -0.88711 0.00000
0.53748 -0.84328 0.00000
0.46156 -0.88711 0.00000
0.46156 0.88711 0.00000
0.53748 0.84328 0.00000
-0.21620 0.97635 0.00000
-0.30090 0.95366 0.00000
-0.30090 -0.95366 0.00000
-0.21620 -0.97635 0.00000
0.30090 -0.95366 0.00000
0.21620 -0.97635 0.00000
0.21620 0.97635 0.00000
0.30090 0.95366 0.00000
0.04380 0.99904 0.00000
-0.04385 0.99904 0.00000
0.04380 -0.99904 0.00000
-0.04385 -0.99904 0.00000
-0.04380 0.99904 0.00000
0.04380 0.99904 0.00000
-0.04380 -0.99904 0.00000
0.04380 -0.99904 0.00000
-0.21620 -0.97635 0.00000
-0.30090 -0.95366 0.00000
-0.30090 0.95366 0.00000
-0.21620 0.97635 0.00000
0.30090 0.95366 0.00000
0.21620 0.97635 0.00000
0.21620 -0.97635 0.00000
0.30090 -0.95366 0.00000
-0.46156 -0.88711 0.00000
-0.53748 -0.84328 0.00000
-0.53748 0.84328 0.00000
-0.46156 0.88711 0.00000
0.53748 0.84328 0.00000
0.46156 0.88711 0.00000
0.46156 -0.88711 0.00000
0.53748 -0.84328 0.00000
-0.67543 -0.73743 0.00000
-0.73743 -0.67543 0.00000
-0.73743 0.67543 0.00000
-0.67543 0.73743 0.00000
0.73743 0.67543 0.00000
0.67543 0.73743 0.00000
0.67543 -0.73743 0.00000
0.73743 -0.67543 0.00000
-0.84328 -0.53748 0.00000
-0.88711 -0.46156 0.00000
-0.88711 0.46156 0.00000
-0.84328 0.53748 0.00000
-0.95366 -0.30090 0.00000
-0.97635 -0.21620 0.00000
-0.97635 0.21620 0.00000
-0.95366 0.30090 0.00000
-0.99904 -0.04380 0.00000
-0.99904 0.04380 0.00000
0.88711 0.46156 0.00000
0.84328 0.53748 0.00000
0.84328 -0.53748 0.00000
0.88711 -0.46156 0.00000
0.97635 0.21620 0.00000
0.95366 0.30090 0.00000
0.95366 -0.30090 0.00000
0.97635 -0.21620 0.00000
0.99904 -0.04380 0.00000
0.99904 0.04380 0.00000
-0.99904 0.04380 0.00000
-0.99904 -0.04380 0.00000
-0.95366 0.30090 0.00000
-0.97635 0.21620 0.00000
-0.97635 -0.21620 0.00000
-0.95366 -0.30090 0.00000
-0.84328 0.53748 0.00000
-0.88711 0.46156 0.00000
-0.88711 -0.46156 0.00000
-0.84328 -0.53748 0.00000
0.99904 0.04380 0.00000
0.99904 -0.04380 0.00000
0.97635 -0.21620 0.00000
0.95366 -0.30090 0.00000
0.95366 0.30090 0.00000
0.97635 0.21620 0.00000
0.88711 -0.46156 0.00000
0.84328 -0.53748 0.00000
0.84328 0.53748 0.00000
0.88711 0.46156 0.00000
-0.67543 0.73743 0.00000
-0.73743 0.67543 0.00000
-0.73743 -0.67543 0.00000
-0.67543 -0.73743 0.00000
0.73743 -0.67543 0.00000
0.67543 -0.73743 0.00000
0.67543 0.73743 0.00000
0.73743 0.67543 0.00000
-0.46156 0.88711 0.00000
-0.53748 0.84328 0.00000
-0.53748 -0.84328 0.00000
-0.46156 -0.88711 0.00000
0.53748 -0.84328 0.00000
0.46156 -0.88711 0.00000
0.46156 0.88711 0.00000
0.53748 0.84328 0.00000
-0.21620 0.97635 0.00000
-0.30090 0.95366 0.00000
-0.30090 -0.95366 0.00000
-0.21620 -0.97635 0.00000
0.30090 -0.95366 0.00000
0.21620 -0.97635 0.00000
0.21620 0.97635 0.00000
0.30090 0.95366 0.00000
0.04380 0.99904 0.00000
-0.04380 0.99904 0.00000
0.04380 -0.99904 0.00000
-0.04380 -0.99904 0.00000
-0.04380 0.99904 0.00000
0.04380 0.99904 0.00000
-0.04380 -0.99904 0.00000
0.04380 -0.99904 0.00000
-0.21620 -0.97635 0.00000
-0.30090 -0.95366 0.00000
-0.30090 0.95366 0.00000
-0.21620 0.97635 0.00000
0.30090 0.95366 0.00000
0.21620 0.97635 0.00000
0.21620 -0.97635 0.00000
0.30090 -0.95366 0.00000
-0.46156 -0.88711 0.00000
-0.53751 -0.84326 0.00000
-0.53748 0.84328 0.00000
-0.46156 0.88711 0.00000
0.53748 0.84328 0.00000
0.46156 0.88711 0.00000
0.46156 -0.88711 0.00000
0.53748 -0.84328 0.00000
-0.67543 -0.73743 0.00000
-0.73743 -0.67543 0.00000
-0.73743 0.67543 0.00000
-0.67543 0.73743 0.00000
0.73743 0.67543 0.00000
0.67543 0.73743 0.00000
0.67543 -0.73743 0.00000
0.73743 -0.67543 0.00000
-0.84328 -0.53748 0.00000
-0.88711 -0.46156 0.00000
-0.88711 0.46156 0.00000
-0.84328 0.53748 0.00000
-0.95366 -0.30090 0.00000
-0.97635 -0.21620 0.00000
-0.97635 0.21620 0.00000
-0.95366 0.30090 0.00000
-0.99904 -0.04380 0.00000
-0.99904 0.04380 0.00000
0.88711 0.46156 0.00000
0.84328 0.53748 0.00000
0.84328 -0.53748 0.00000
0.88711 -0.46156 0.00000
0.97635 0.21620 0.00000
0.95366 0.30090 0.00000
0.95366 -0.30090 0.00000
0.97635 -0.21620 0.00000
0.99904 -0.04380 0.00000
0.99904 0.04380 0.00000
-0.99904 0.04380 0.00000
-0.99904 -0.04380 0.00000
-0.95366 0.30090 0.00000
-0.97635 0.21620 0.00000
-0.97635 -0.21620 0.00000
-0.95366 -0.30090 0.00000
-0.84328 0.53748 0.00000
-0.88711 0.46156 0.00000
-0.88711 -0.46156 0.00000
-0.84328 -0.53748 0.00000
0.99904 0.04380 0.00000
0.99904 -0.04380 0.00000
0.97635 -0.21620 0.00000
0.95366 -0.30090 0.00000
0.95366 0.30090 0.00000
0.97635 0.21620 0.00000
0.88711 -0.46156 0.00000
0.84328 -0.53748 0.00000
0.84328 0.53748 0.00000
0.88711 0.46156 0.00000
-0.67543 0.73743 0.00000
-0.73743 0.67543 0.00000
-0.73743 -0.67543 0.00000
-0.67543 -0.73743 0.00000
0.73743 -0.67543 0.00000
0.67543 -0.73743 0.00000
0.67543 0.73743 0.00000
0.73743 0.67543 0.00000
-0.46156 0.88711 0.00000
-0.53748 0.84328 0.00000
-0.53748 -0.84328 0.00000
-0.46156 -0.88711 0.00000
0.53748 -0.84328 0.00000
0.46156 -0.88711 0.00000
0.46156 0.88711 0.00000
0.53748 0.84328 0.00000
-0.21620 0.97635 0.00000
-0.30090 0.95366 0.00000
-0.30090 -0.95366 0.00000
-0.21620 -0.97635 0.00000
0.30090 -0.95366 0.00000
0.21620 -0.97635 0.00000
0.21620 0.97635 0.00000
0.30090 0.95366 0.00000
0.04380 0.99904 0.00000
-0.04385 0.99904 0.00000
0.04380 -0.99904 0.00000
-0.04385 -0.99904 0.00000
-0.04380 0.99904 0.00000
0.04380 0.99904 0.00000
-0.04380 -0.99904 0.00000
0.04380 -0.99904 0.00000
-0.21620 -0.97635 0.00000
-0.30090 -0.95366 0.00000
-0.30090 0.95366 0.00000
-0.21620 0.97635 0.00000
0.30090 0.95366 0.00000
0.21620 0.97635 0.00000
0.21620 -0.97635 0.00000
0.30090 -0.95366 0.00000
-0.46156 -0.88711 0.00000
-0.53748 -0.84328 0.00000
-0.53748 0.84328 0.00000
-0.46156 0.88711 0.00000
0.53748 0.84328 0.00000
0.46156 0.88711 0.00000
0.46156 -0.88711 0.00000
0.53748 -0.84328 0.00000
-0.67543 -0.73743 0.00000
-0.73743 -0.67543 0.00000
-0.73743 0.67543 0.00000
-0.67543 0.73743 0.00000
0.73743 0.67543 0.00000
0.67543 0.73743 0.00000
0.67543 -0.73743 0.00000
0.73743 -0.67543 0.00000
-0.84328 -0.53748 0.00000
-0.88711 -0.46156 0.00000
-0.88711 0.46156 0.00000
-0.84328 0.53748 0.00000
-0.95366 -0.30090 0.00000
-0.97635 -0.21620 0.00000
-0.97635 0.21620 0.00000
-0.95366 0.30090 0.00000
-0.99904 -0.04380 0.00000
-0.99904 0.04380 0.00000
0.88711 0.46156 0.00000
0.84328 0.53748 0.00000
0.84328 -0.53748 0.00000
0.88711 -0.46156 0.00000
0.97635 0.21620 0.00000
0.95366 0.30090 0.00000
0.95366 -0.30090 0.00000
0.97635 -0.21620 0.00000
0.99904 -0.04380 0.00000
0.99904 0.04380 0.00000
-0.99904 0.04380 0.00000
-0.99904 -0.04380 0.00000
-0.95366 0.30090 0.00000
-0.97635 0.21620 0.00000
-0.97635 -0.21620 0.00000
-0.95366 -0.30090 0.00000
-0.84328 0.53748 0.00000
-0.88711 0.46156 0.00000
-0.88711 -0.46156 0.00000
-0.84328 -0.53748 0.00000
0.99904 0.04380 0.00000
0.99904 -0.04380 0.00000
0.97635 -0.21620 0.00000
0.95366 -0.30090 0.00000
0.95366 0.30090 0.00000
0.97635 0.21620 0.00000
0.88711 -0.46156 0.00000
0.84328 -0.53748 0.00000
0.84328 0.53748 0.00000
0.88711 0.46156 0.00000
-0.67543 0.73743 0.00000
-0.73745 0.67540 0.00000
-0.73743 -0.67543 0.00000
-0.67543 -0.73743 0.00000
0.73743 -0.67543 0.00000
0.67543 -0.73743 0.00000
0.67543 0.73743 0.00000
0.73743 0.67543 0.00000
-0.46156 0.88711 0.00000
-0.53751 0.84326 0.00000
-0.53748 -0.84328 0.00000
-0.46156 -0.88711 0.00000
0.53748 -0.84328 0.00000
0.46156 -0.88711 0.00000
0.46156 0.88711 0.00000
0.53748 0.84328 0.00000
-0.21620 0.97635 0.00000
-0.30090 0.95366 0.00000
-0.30090 -0.95366 0.00000
-0.21620 -0.97635 0.00000
0.30090 -0.95366 0.00000
0.21620 -0.97635 0.00000
0.21620 0.97635 0.00000
0.30090 0.95366 0.00000
0.04380 0.99904 0.00000
-0.04380 0.99904 0.00000
0.04380 -0.99904 0.00000
-0.04380 -0.99904 0.00000
-0.04380 0.99904 0.00000
0.04380 0.99904 0.00000
-0.04380 -0.99904 0.00000
0.04380 -0.99904 0.00000
-0.21620 -0.97635 0.00000
-0.30090 -0.95366 0.00000
-0.30090 0.95366 0.00000
-0.21620 0.97635 0.00000
0.30090 0.95366 0.00000
0.21620 0.97635 0.00000
0.21620 -0.97635 0.00000
0.30090 -0.95366 0.00000
-0.46156 -0.88711 0.00000
-0.53748 -0.84328 0.00000
-0.53748 0.84328 0.00000
-0.46156 0.88711 0.00000
0.53748 0.84328 0.00000
0.46156 0.88711 0.00000
0.46156 -0.88711 0.00000
0.53748 -0.84328 0.00000
-0.67543 -0.73743 0.00000
-0.73743 -0.67543 0.00000
-0.73743 0.67543 0.00000
-0.67543 0.73743 0.00000
0.73743 0.67543 0.00000
0.67543 0.73743 0.00000
0.67543 -0.73743 0.00000
0.73743 -0.67543 0.00000
-0.84328 -0.53748 0.00000
-0.88711 -0.46156 0.00000
-0.88711 0.46156 0.00000
-0.84328 0.53748 0.00000
-0.95366 -0.30090 0.00000
-0.97635 -0.21620 0.00000
-0.97635 0.21620 0.00000
-0.95366 0.30090 0.00000
-0.99904 -0.04380 0.00000
-0.99904 0.04380 0.00000
0.88711 0.46156 0.00000
0.84328 0.53748 0.00000
0.84328 -0.53748 0.00000
0.88711 -0.46156 0.00000
0.97635 0.21620 0.00000
0.95366 0.30090 0.00000
0.95366 -0.30090 0.00000
0.97635 -0.21620 0.00000
0.99904 -0.04380 0.00000
0.99904 0.04380 0.00000
-0.99904 0.04380 0.00000
-0.99904 -0.04380 0.00000
-0.95366 0.30090 0.00000
-0.97635 0.21620 0.00000
-0.97635 -0.21620 0.00000
-0.95366 -0.30090 0.00000
-0.84328 0.53748 0.00000
-0.88711 0.46156 0.00000
-0.88711 -0.46156 0.00000
-0.84328 -0.53748 0.00000
0.99904 0.04380 0.00000
0.99904 -0.04380 0.00000
0.97635 -0.21620 0.00000
0.95366 -0.30090 0.00000
0.95366 0.30090 0.00000
0.97635 0.21620 0.00000
-0.67543 0.73743 0.00000
-0.73743 0.67543 0.00000
-0.73743 -0.67543 0.00000
-0.67543 -0.73743 0.00000
0.88711 -0.46156 0.00000
0.84328 -0.53748 0.00000
0.84328 0.53748 0.00000
0.88711 0.46156 0.00000
0.73743 -0.67543 0.00000
0.67543 -0.73743 0.00000
0.67543 0.73743 0.00000
0.73743 0.67543 0.00000
-0.46156 0.88711 0.00000
-0.53748 0.84328 0.00000
-0.53748 -0.84328 0.00000
-0.46156 -0.88711 0.00000
0.53748 -0.84328 0.00000
0.46156 -0.88711 0.00000
0.46156 0.88711 0.00000
0.53748 0.84328 0.00000
-0.21620 0.97635 0.00000
-0.30090 0.95366 0.00000
-0.30090 -0.95366 0.00000
-0.21620 -0.97635 0.00000
0.30090 -0.95366 0.00000
0.21620 -0.97635 0.00000
0.21620 0.97635 0.00000
0.30090 0.95366 0.00000
0.04380 0.99904 0.00000
-0.04380 0.99904 0.00000
0.04380 -0.99904 0.00000
-0.04380 -0.99904 0.00000
-0.04380 0.99904 0.00000
0.04380 0.99904 0.00000
-0.04380 -0.99904 0.00000
0.04380 -0.99904 0.00000
-0.21620 -0.97635 0.00000
-0.30090 -0.95366 0.00000
-0.30090 0.95366 0.00000
-0.21620 0.97635 0.00000
0.30090 0.95366 0.00000
0.21620 0.97635 0.00000
0.21620 -0.97635 0.00000
0.30090 -0.95366 0.00000
-0.46156 -0.88711 0.00000
-0.53748 -0.84328 0.00000
-0.53748 0.84328 0.00000
-0.46156 0.88711 0.00000
0.53748 0.84328 0.00000
0.46156 0.88711 0.00000
0.46156 -0.88711 0.00000
0.53748 -0.84328 0.00000
-0.67543 -0.73743 0.00000
-0.73743 -0.67543 0.00000
-0.73743 0.67543 0.00000
-0.67543 0.73743 0.00000
-0.84328 -0.53748 0.00000
-0.88711 -0.46156 0.00000
-0.88713 0.46152 0.00000
-0.84329 0.53746 0.00000
0.73743 0.67543 0.00000
0.67543 0.73743 0.00000
0.67543 -0.73743 0.00000
0.73743 -0.67543 0.00000
-0.95365 -0.30091 0.00000
-0.97635 -0.21620 0.00000
-0.97635 0.21621 0.00000
-0.95366 0.30090 0.00000
-0.99904 -0.04380 0.00000
-0.99904 0.04380 0.00000
0.88712 0.46154 0.00000
0.84328 0.53748 0.00000
0.84329 -0.53746 0.00000
0.88711 -0.46156 0.00000
0.97635 0.21620 0.00000
0.95366 0.30090 0.00000
0.95366 -0.30090 0.00000
0.97635 -0.21621 0.00000
0.99904 -0.04380 0.00000
0.99904 0.04385 0.00000
-0.99904 0.04380 0.00000
-0.99904 -0.04380 0.00000
-0.95366 0.30090 0.00000
-0.97635 0.21620 0.00000
-0.97635 -0.21621 0.00000
-0.95366 -0.30090 0.00000
-0.84328 0.53748 0.00000
-0.88711 0.46156 0.00000
-0.88711 -0.46156 0.00000
-0.84328 -0.53748 0.00000
0.99904 0.04380 0.00000
0.99904 -0.04380 0.00000
0.97635 -0.21620 0.00000
0.95366 -0.30090 0.00000
0.95366 0.30090 0.00000
0.97635 0.21620 0.00000
-0.67543 0.73743 0.00000
-0.73743 0.67543 0.00000
-0.73743 -0.67543 0.00000
-0.67543 -0.73743 0.00000
0.88711 -0.46156 0.00000
0.84328 -0.53748 0.00000
0.84329 0.53746 0.00000
0.88711 0.46156 0.00000
0.73743 -0.67543 0.00000
0.67543 -0.73743 0.00000
0.67543 0.73743 0.00000
0.73743 0.67543 0.00000
-0.46156 0.88711 0.00000
-0.53748 0.84328 0.00000
-0.53748 -0.84328 0.00000
-0.46156 -0.88711 0.00000
0.53748 -0.84328 0.00000
0.46156 -0.88711 0.00000
0.46156 0.88711 0.00000
0.53748 0.84328 0.00000
-0.21620 0.97635 0.00000
-0.30090 0.95366 0.00000
-0.30090 -0.95366 0.00000
-0.21620 -0.97635 0.00000
0.30090 -0.95366 0.00000
0.21620 -0.97635 0.00000
0.21620 0.97635 0.00000
0.30090 0.95366 0.00000
0.04380 0.99904 0.00000
-0.04380 0.99904 0.00000
0.04380 -0.99904 0.00000
-0.04380 -0.99904 0.00000
-0.04380 0.99904 0.00000
0.04380 0.99904 0.00000
-0.04380 -0.99904 0.00000
0.04380 -0.99904 0.00000
-0.21620 -0.97635 0.00000
-0.30090 -0.95366 0.00000
-0.30090 0.95366 0.00000
-0.21620 0.97635 0.00000
0.30090 0.95366 0.00000
0.21620 0.97635 0.00000
0.21620 -0.97635 0.00000
0.30090 -0.95366 0.00000
-0.46156 -0.88711 0.00000
-0.53748 -0.84328 0.00000
-0.53748 0.84328 0.00000
-0.46156 0.88711 0.00000
0.53748 0.84328 0.00000
0.46156 0.88711 0.00000
0.46156 -0.88711 0.00000
0.53748 -0.84328 0.00000
-0.67543 -0.73743 0.00000
-0.73743 -0.67543 0.00000
-0.73743 0.67543 0.00000
-0.67543 0.73743 0.00000
-0.84328 -0.53748 0.00000
-0.88711 -0.46156 0.00000
-0.88711 0.46156 0.00000
-0.84328 0.53748 0.00000
0.73743 0.67543 0.00000
0.67543 0.73743 0.00000
0.67543 -0.73743 0.00000
0.73743 -0.67543 0.00000
-0.95366 -0.30090 0.00000
-0.97635 -0.21620 0.00000
-0.97635 0.21620 0.00000
-0.95366 0.30090 0.00000
-0.99904 -0.04380 0.00000
-0.99904 0.04380 0.00000
0.88711 0.46156 0.00000
0.84328 0.53748 0.00000
0.84328 -0.53748 0.00000
0.88711 -0.46156 0.00000
0.97635 0.21620 0.00000
0.95366 0.30090 0.00000
0.95366 -0.30090 0.00000
0.97635 -0.21620 0.00000
0.99904 -0.04380 0.00000
0.99904 0.04380 0.00000
-0.99904 0.04380 0.00000
-0.99904 -0.04380 0.00000
-0.95366 0.30090 0.00000
-0.97635 0.21620 0.00000
-0.97635 -0.21620 0.00000
-0.95366 -0.30090 0.00000
-0.84328 0.53748 0.00000
-0.88711 0.46156 0.00000
-0.88711 -0.46156 0.00000
-0.84328 -0.53748 0.00000
0.99904 0.04380 0.00000
0.99904 -0.04380 0.00000
0.97635 -0.21620 0.00000
0.95366 -0.30090 0.00000
0.95366 0.30090 0.00000
0.97635 0.21620 0.00000
-0.67543 0.73743 0.00000
-0.73743 0.67543 0.00000
-0.73743 -0.67543 0.00000
-0.67543 -0.73743 0.00000
0.88711 -0.46156 0.00000
0.84328 -0.53748 0.00000
0.84328 0.53748 0.00000
0.88711 0.46156 0.00000
0.73743 -0.67543 0.00000
0.67543 -0.73743 0.00000
0.67543 0.73743 0.00000
0.73743 0.67543 0.00000
-0.46156 0.88711 0.00000
-0.53748 0.84328 0.00000
-0.53748 -0.84328 0.00000
-0.46156 -0.88711 0.00000
0.53748 -0.84328 0.00000
0.46156 -0.88711 0.00000
0.46156 0.88711 0.00000
0.53748 0.84328 0.00000
-0.21620 0.97635 0.00000
-0.30090 0.95366 0.00000
-0.30090 -0.95366 0.00000
-0.21620 -0.97635 0.00000
0.30090 -0.95366 0.00000
0.21620 -0.97635 0.00000
0.21620 0.97635 0.00000
0.30090 0.95366 0.00000
0.04380 0.99904 0.00000
-0.04380 0.99904 0.00000
0.04380 -0.99904 0.00000
-0.04380 -0.99904 0.00000
-0.04380 0.99904 0.00000
0.04380 0.99904 0.00000
-0.04380 -0.99904 0.00000
0.04380 -0.99904 0.00000
-0.21620 -0.97635 0.00000
-0.30090 -0.95366 0.00000
-0.30090 0.95366 0.00000
-0.21620 0.97635 0.00000
0.30090 0.95366 0.00000
0.21620 0.97635 0.00000
0.21620 -0.97635 0.00000
0.30090 -0.95366 0.00000
-0.46156 -0.88711 0.00000
-0.53748 -0.84328 0.00000
-0.53748 0.84328 0.00000
-0.46156 0.88711 0.00000
0.53748 0.84328 0.00000
0.46156 0.88711 0.00000
0.46156 -0.88711 0.00000
0.53748 -0.84328 0.00000
-0.67543 -0.73743 0.00000
-0.73743 -0.67543 0.00000
-0.73743 0.67543 0.00000
-0.67543 0.73743 0.00000
-0.84328 -0.53748 0.00000
-0.88711 -0.46156 0.00000
-0.88711 0.46156 0.00000
-0.84328 0.53748 0.00000
0.73743 0.67543 0.00000
0.67543 0.73743 0.00000
0.67543 -0.73743 0.00000
0.73743 -0.67543 0.00000
-0.95366 -0.30090 0.00000
-0.97635 -0.21620 0.00000
-0.97635 0.21620 0.00000
-0.95366 0.30090 0.00000
-0.99904 -0.04380 0.00000
-0.99904 0.04380 0.00000
0.88711 0.46156 0.00000
0.84328 0.53748 0.00000
0.84328 -0.53748 0.00000
0.88711 -0.46156 0.00000
0.97635 0.21620 0.00000
0.95366 0.30090 0.00000
0.95366 -0.30090 0.00000
0.97635 -0.21620 0.00000
0.99904 -0.04380 0.00000
0.99904 0.04380 0.00000
-0.99904 0.04380 0.00000
-0.99904 -0.04380 0.00000
-0.95366 0.30090 0.00000
-0.97635 0.21620 0.00000
-0.97635 -0.21620 0.00000
-0.95366 -0.30090 0.00000
-0.84328 0.53748 0.00000
-0.88711 0.46156 0.00000
-0.88711 -0.46156 0.00000
-0.84328 -0.53748 0.00000
0.99904 0.04380 0.00000
0.99904 -0.04380 0.00000
0.97635 -0.21620 0.00000
0.95366 -0.30090 0.00000
0.95366 0.30090 0.00000
0.97635 0.21620 0.00000
-0.67543 0.73743 0.00000
-0.73743 0.67543 0.00000
-0.73743 -0.67543 0.00000
-0.67543 -0.73743 0.00000
0.88711 -0.46156 0.00000
0.84328 -0.53748 0.00000
0.84328 0.53748 0.00000
0.88711 0.46156 0.00000
0.73743 -0.67543 0.00000
0.67543 -0.73743 0.00000
0.67543 0.73743 0.00000
0.73743 0.67543 0.00000
-0.46156 0.88711 0.00000
-0.53748 0.84328 0.00000
-0.53748 -0.84328 0.00000
-0.46156 -0.88711 0.00000
0.53748 -0.84328 0.00000
0.46156 -0.88711 0.00000
0.46156 0.88711 0.00000
0.53748 0.84328 0.00000
-0.21620 0.97635 0.00000
-0.30090 0.95366 0.00000
-0.30090 -0.95366 0.00000
-0.21620 -0.97635 0.00000
0.30090 -0.95366 0.00000
0.21620 -0.97635 0.00000
0.21620 0.97635 0.00000
0.30090 0.95366 0.00000
0.04380 0.99904 0.00000
-0.04380 0.99904 0.00000
0.04380 -0.99904 0.00000
-0.04380 -0.99904 0.00000
-0.04380 0.99904 0.00000
0.04380 0.99904 0.00000
-0.04380 -0.99904 0.00000
0.04380 -0.99904 0.00000
-0.21620 -0.97635 0.00000
-0.30090 -0.95366 0.00000
-0.30090 0.95366 0.00000
-0.21620 0.97635 0.00000
0.30090 0.95366 0.00000
0.21620 0.97635 0.00000
0.21620 -0.97635 0.00000
0.30090 -0.95366 0.00000
-0.46156 -0.88711 0.00000
-0.53748 -0.84328 0.00000
-0.53748 0.84328 0.00000
-0.46156 0.88711 0.00000
0.53748 0.84328 0.00000
0.46156 0.88711 0.00000
0.46156 -0.88711 0.00000
0.53748 -0.84328 0.00000
-0.67543 -0.73743 0.00000
-0.73743 -0.67543 0.00000
-0.73743 0.67543 0.00000
-0.67543 0.73743 0.00000
-0.84328 -0.53748 0.00000
-0.88711 -0.46156 0.00000
-0.88711 0.46156 0.00000
-0.84328 0.53748 0.00000
0.73743 0.67543 0.00000
0.67543 0.73743 0.00000
0.67543 -0.73743 0.00000
0.73743 -0.67543 0.00000
-0.95366 -0.30090 0.00000
-0.97635 -0.21620 0.00000
-0.97635 0.21620 0.00000
-0.95366 0.30090 0.00000
-0.99904 -0.04380 0.00000
-0.99904 0.04380 0.00000
0.88711 0.46156 0.00000
0.84328 0.53748 0.00000
0.84328 -0.53748 0.00000
0.88711 -0.46156 0.00000
0.97635 0.21620 0.00000
0.95366 0.30090 0.00000
0.95366 -0.30090 0.00000
0.97635 -0.21620 0.00000
0.99904 -0.04380 0.00000
0.99904 0.04380 0.00000
-0.99904 0.04380 0.00000
-0.99904 -0.04380 0.00000
-0.95366 0.30090 0.00000
-0.97635 0.21620 0.00000
-0.97635 -0.21620 0.00000
-0.95366 -0.30090 0.00000
-0.84328 0.53748 0.00000
-0.88711 0.46156 0.00000
-0.88711 -0.46156 0.00000
-0.84328 -0.53748 0.00000
0.99904 0.04380 0.00000
0.99904 -0.04380 0.00000
0.97635 -0.21620 0.00000
0.95366 -0.30090 0.00000
0.95366 0.30090 0.00000
0.97635 0.21620 0.00000
-0.67543 0.73743 0.00000
-0.73743 0.67543 0.00000
-0.73743 -0.67543 0.00000
-0.67543 -0.73743 0.00000
0.88711 -0.46156 0.00000
0.84328 -0.53748 0.00000
0.84328 0.53748 0.00000
0.88711 0.46156 0.00000
0.73743 -0.67543 0.00000
0.67543 -0.73743 0.00000
0.67543 0.73743 0.00000
0.73743 0.67543 0.00000
-0.46156 0.88711 0.00000
-0.53748 0.84328 0.00000
-0.53748 -0.84328 0.00000
-0.46156 -0.88711 0.00000
0.53748 -0.84328 0.00000
0.46156 -0.88711 0.00000
0.46156 0.88711 0.00000
0.53748 0.84328 0.00000
-0.21620 0.97635 0.00000
-0.30090 0.95366 0.00000
-0.30090 -0.95366 0.00000
-0.21620 -0.97635 0.00000
0.30090 -0.95366 0.00000
0.21620 -0.97635 0.00000
0.21620 0.97635 0.00000
0.30090 0.95366 0.00000
0.04380 0.99904 0.00000
-0.04380 0.99904 0.00000
0.04380 -0.99904 0.00000
-0.04380 -0.99904 0.00000
-0.04380 0.99904 0.00000
0.04380 0.99904 0.00000
-0.04380 -0.99904 0.00000
0.04380 -0.99904 0.00000
-0.21620 -0.97635 0.00000
-0.30090 -0.95366 0.00000
-0.30090 0.95366 0.00000
-0.21620 0.97635 0.00000
0.30090 0.95366 0.00000
0.21620 0.97635 0.00000
0.21620 -0.97635 0.00000
0.30090 -0.95366 0.00000
-0.46156 -0.88711 0.00000
-0.53748 -0.84328 0.00000
-0.53748 0.84328 0.00000
-0.46156 0.88711 0.00000
0.53748 0.84328 0.00000
0.46156 0.88711 0.00000
0.46156 -0.88711 0.00000
0.53748 -0.84328 0.00000
-0.67543 -0.73743 0.00000
-0.73743 -0.67543 0.00000
-0.73743 0.67543 0.00000
-0.67543 0.73743 0.00000
-0.84328 -0.53748 0.00000
-0.88711 -0.46156 0.00000
-0.88711 0.46156 0.00000
-0.84328 0.53748 0.00000
0.73743 0.67543 0.00000
0.67543 0.73743 0.00000
0.67543 -0.73743 0.00000
0.73743 -0.67543 0.00000
-0.95366 -0.30090 0.00000
-0.97635 -0.21620 0.00000
-0.97635 0.21620 0.00000
-0.95366 0.30090 0.00000
-0.99904 -0.04380 0.00000
-0.99904 0.04380 0.00000
0.88711 0.46156 0.00000
0.84328 0.53748 0.00000
0.84328 -0.53748 0.00000
0.88711 -0.46156 0.00000
0.97635 0.21620 0.00000
0.95366 0.30090 0.00000
0.95366 -0.30090 0.00000
0.97635 -0.21620 0.00000
0.99904 -0.04380 0.00000
0.99904 0.04380 0.00000
-0.99904 0.04380 0.00000
-0.99904 -0.04380 0.00000
-0.95366 0.30090 0.00000
-0.97635 0.21620 0.00000
-0.97635 -0.21620 0.00000
-0.95366 -0.30090 0.00000
-0.84328 0.53748 0.00000
-0.88711 0.46156 0.00000
-0.88711 -0.46156 0.00000
-0.84328 -0.53748 0.00000
0.99904 0.04380 0.00000
0.99904 -0.04380 0.00000
0.97635 -0.21620 0.00000
0.95366 -0.30090 0.00000
0.95366 0.30090 0.00000
0.97635 0.21620 0.00000
-0.67543 0.73743 0.00000
-0.73743 0.67543 0.00000
-0.73743 -0.67543 0.00000
-0.67543 -0.73743 0.00000
0.88711 -0.46156 0.00000
0.84328 -0.53748 0.00000
0.84328 0.53748 0.00000
0.88711 0.46156 0.00000
0.73743 -0.67543 0.00000
0.67543 -0.73743 0.00000
0.67543 0.73743 0.00000
0.73743 0.67543 0.00000
-0.46156 0.88711 0.00000
-0.53748 0.84328 0.00000
-0.53748 -0.84328 0.00000
-0.46156 -0.88711 0.00000
0.53748 -0.84328 0.00000
0.46156 -0.88711 0.00000
0.46156 0.88711 0.00000
0.53748 0.84328 0.00000
-0.21620 0.97635 0.00000
-0.30090 0.95366 0.00000
-0.30090 -0.95366 0.00000
-0.21620 -0.97635 0.00000
0.30090 -0.95366 0.00000
0.21620 -0.97635 0.00000
0.21620 0.97635 0.00000
0.30090 0.95366 0.00000
0.04380 0.99904 0.00000
-0.04380 0.99904 0.00000
0.04380 -0.99904 0.00000
-0.04380 -0.99904 0.00000
-0.04380 0.99904 0.00000
0.04380 0.99904 0.00000
-0.04380 -0.99904 0.00000
0.04380 -0.99904 0.00000
-0.21620 -0.97635 0.00000
-0.30090 -0.95366 0.00000
-0.30090 0.95366 0.00000
-0.21620 0.97635 0.00000
0.30090 0.95366 0.00000
0.21620 0.97635 0.00000
0.21620 -0.97635 0.00000
0.30090 -0.95366 0.00000
-0.46156 -0.88711 0.00000
-0.53748 -0.84328 0.00000
-0.53748 0.84328 0.00000
-0.46156 0.88711 0.00000
0.53748 0.84328 0.00000
0.46156 0.88711 0.00000
0.46156 -0.88711 0.00000
0.53748 -0.84328 0.00000
-0.67543 -0.73743 0.00000
-0.73743 -0.67543 0.00000
-0.73743 0.67543 0.00000
-0.67543 0.73743 0.00000
-0.84328 -0.53748 0.00000
-0.88711 -0.46156 0.00000
-0.88711 0.46156 0.00000
-0.84328 0.53748 0.00000
0.73743 0.67543 0.00000
0.67543 0.73743 0.00000
0.67543 -0.73743 0.00000
0.73743 -0.67543 0.00000
-0.95366 -0.30090 0.00000
-0.97635 -0.21620 0.00000
-0.97635 0.21620 0.00000
-0.95366 0.30090 0.00000
-0.99904 -0.04380 0.00000
-0.99904 0.04380 0.00000
0.88711 0.46156 0.00000
0.84328 0.53748 0.00000
0.84328 -0.53748 0.00000
0.88711 -0.46156 0.00000
0.97635 0.21620 0.00000
0.95366 0.30090 0.00000
0.95366 -0.30090 0.00000
0.97635 -0.21620 0.00000
0.99904 -0.04380 0.00000
0.99904 0.04380 0.00000
0.0 0.0
0.0 0.0
0.0 0.0
0.0 0.0
0.0 0.0
0.0 0.0
0.0 0.0
0.0 0.0
0.0 0.0
0.0 0.0
0.0 0.0
0.0 0.0
0.0 0.0
0.0 0.0
0.0 0.0
0.0 0.0
0.0 0.0
0.0 0.0
0.0 0.0
0.0 0.0
0.0 0.0
0.0 0.0
0.0 0.0
0.0 0.0
0.0 0.0
0.0 0.0
0.0 0.0
0.0 0.0
0.0 0.0
0.0 0.0
0.0 0.0
0.0 0.0
0.0 0.0
0.0 0.0
0.0 0.0
0.0 0.0
0.0 0.0
0.0 0.0
0.0 0.0
0.0 0.0
0.0 0.0
0.0 0.0
0.0 0.0
0.0 0.0
0.0 0.0
0.0 0.0
0.0 0.0
0.0 0.0
0.0 0.0
0.0 0.0
0.0 0.0
0.0 0.0
0.0 0.0
0.0 0.0
0.0 0.0
0.0 0.0
0.0 0.0
0.0 0.0
0.0 0.0
0.0 0.0
0.0 0.0
0.0 0.0
0.0 0.0
0.0 0.0
0.0 0.0
0.0 0.0
0.0 0.0
0.0 0.0
0.0 0.0
0.0 0.0
0.0 0.0
0.0 0.0
0.0 0.0
0.0 0.0
0.0 0.0
0.0 0.0
0.0 0.0
0.0 0.0
0.0 0.0
0.0 0.0
0.0 0.0
0.0 0.0
0.0 0.0
0.0 0.0
0.0 0.0
0.0 0.0
0.0 0.0
0.0 0.0
0.0 0.0
0.0 0.0
0.0 0.0
0.0 0.0
0.0 0.0
0.0 0.0
0.0 0.0
0.0 0.0
0.0 0.0
0.0 0.0
0.0 0.0
0.0 0.0
0.0 0.0
0.0 0.0
0.0 0.0
0.0 0.0
0.0 0.0
0.0 0.0
0.0 0.0
0.0 0.0
0.0 0.0
0.0 0.0
0.0 0.0
0.0 0.0
0.0 0.0
0.0 0.0
0.0 0.0
0.0 0.0
0.0 0.0
0.0 0.0
0.0 0.0
0.0 0.0
0.0 0.0
0.0 0.0
0.0 0.0
0.0 0.0
0.0 0.0
0.0 0.0
0.0 0.0
0.0 0.0
0.0 0.0
0.0 0.0
0.0 0.0
0.0 0.0
0.0 0.0
0.0 0.0
0.0 0.0
0.0 0.0
0.0 0.0
0.0 0.0
0.0 0.0
0.0 0.0
0.0 0.0
0.0 0.0
0.0 0.0
0.0 0.0
0.0 0.0
0.0 0.0
0.0 0.0
0.0 0.0
0.0 0.0
0.0 0.0
0.0 0.0
0.0 0.0
0.0 0.0
0.0 0.0
0.0 0.0
0.0 0.0
0.0 0.0
0.0 0.0
0.0 0.0
0.0 0.0
0.0 0.0
0.0 0.0
0.0 0.0
0.0 0.0
0.0 0.0
0.0 0.0
0.0 0.0
0.0 0.0
0.0 0.0
0.0 0.0
0.0 0.0
0.0 0.0
0.0 0.0
0.0 0.0
0.0 0.0
0.0 0.0
0.0 0.0
0.0 0.0
0.0 0.0
0.0 0.0
0.0 0.0
0.0 0.0
0.0 0.0
0.0 0.0
0.0 0.0
0.0 0.0
0.0 0.0
0.0 0.0
0.0 0.0
0.0 0.0
0.0 0.0
0.0 0.0
0.0 0.0
0.0 0.0
0.0 0.0
0.0 0.0
0.0 0.0
0.0 0.0
0.0 0.0
0.0 0.0
0.0 0.0
0.0 0.0
0.0 0.0
0.0 0.0
0.0 0.0
0.0 0.0
0.0 0.0
0.0 0.0
0.0 0.0
0.0 0.0
0.0 0.0
0.0 0.0
0.0 0.0
0.0 0.0
0.0 0.0
0.0 0.0
0.0 0.0
0.0 0.0
0.0 0.0
0.0 0.0
0.0 0.0
0.0 0.0
0.0 0.0
0.0 0.0
0.0 0.0
0.0 0.0
0.0 0.0
0.0 0.0
0.0 0.0
0.0 0.0
0.0 0.0
0.0 0.0
0.0 0.0
0.0 0.0
0.0 0.0
0.0 0.0
0.0 0.0
0.0 0.0
0.0 0.0
0.0 0.0
0.0 0.0
0.0 0.0
0.0 0.0
0.0 0.0
0.0 0.0
0.0 0.0
0.0 0.0
0.0 0.0
0.0 0.0
0.0 0.0
0.0 0.0
0.0 0.0
0.0 0.0
0.0 0.0
0.0 0.0
0.0 0.0
0.0 0.0
0.0 0.0
0.0 0.0
0.0 0.0
0.0 0.0
0.0 0.0
0.0 0.0
0.0 0.0
0.0 0.0
0.0 0.0
0.0 0.0
0.0 0.0
0.0 0.0
0.0 0.0
0.0 0.0
0.0 0.0
0.0 0.0
0.0 0.0
0.0 0.0
0.0 0.0
0.0 0.0
0.0 0.0
0.0 0.0
0.0 0.0
0.0 0.0
0.0 0.0
0.0 0.0
0.0 0.0
0.0 0.0
0.0 0.0
0.0 0.0
0.0 0.0
0.0 0.0
0.0 0.0
0.0 0.0
0.0 0.0
0.0 0.0
0.0 0.0
0.0 0.0
0.0 0.0
0.0 0.0
0.0 0.0
0.0 0.0
0.0 0.0
0.0 0.0
0.0 0.0
0.0 0.0
0.0 0.0
0.0 0.0
0.0 0.0
0.0 0.0
0.0 0.0
0.0 0.0
0.0 0.0
0.0 0.0
0.0 0.0
0.0 0.0
0.0 0.0
0.0 0.0
0.0 0.0
0.0 0.0
0.0 0.0
0.0 0.0
0.0 0.0
0.0 0.0
0.0 0.0
0.0 0.0
0.0 0.0
0.0 0.0
0.0 0.0
0.0 0.0
0.0 0.0
0.0 0.0
0.0 0.0
0.0 0.0
0.0 0.0
0.0 0.0
0.0 0.0
0.0 0.0
0.0 0.0
0.0 0.0
0.0 0.0
0.0 0.0
0.0 0.0
0.0 0.0
0.0 0.0
0.0 0.0
0.0 0.0
0.0 0.0
0.0 0.0
0.0 0.0
0.0 0.0
0.0 0.0
0.0 0.0
0.0 0.0
0.0 0.0
0.0 0.0
0.0 0.0
0.0 0.0
0.0 0.0
0.0 0.0
0.0 0.0
0.0 0.0
0.0 0.0
0.0 0.0
0.0 0.0
0.0 0.0
0.0 0.0
0.0 0.0
0.0 0.0
0.0 0.0
0.0 0.0
0.0 0.0
0.0 0.0
0.0 0.0
0.0 0.0
0.0 0.0
0.0 0.0
0.0 0.0
0.0 0.0
0.0 0.0
0.0 0.0
0.0 0.0
0.0 0.0
0.0 0.0
0.0 0.0
0.0 0.0
0.0 0.0
0.0 0.0
0.0 0.0
0.0 0.0
0.0 0.0
0.0 0.0
0.0 0.0
0.0 0.0
0.0 0.0
0.0 0.0
0.0 0.0
0.0 0.0
0.0 0.0
0.0 0.0
0.0 0.0
0.0 0.0
0.0 0.0
0.0 0.0
0.0 0.0
0.0 0.0
0.0 0.0
0.0 0.0
0.0 0.0
0.0 0.0
0.0 0.0
0.0 0.0
0.0 0.0
0.0 0.0
0.0 0.0
0.0 0.0
0.0 0.0
0.0 0.0
0.0 0.0
0.0 0.0
0.0 0.0
0.0 0.0
0.0 0.0
0.0 0.0
0.0 0.0
0.0 0.0
0.0 0.0
0.0 0.0
0.0 0.0
0.0 0.0
0.0 0.0
0.0 0.0
0.0 0.0
0.0 0.0
0.0 0.0
0.0 0.0
0.0 0.0
0.0 0.0
0.0 0.0
0.0 0.0
0.0 0.0
0.0 0.0
0.0 0.0
0.0 0.0
0.0 0.0
0.0 0.0
0.0 0.0
0.0 0.0
0.0 0.0
0.0 0.0
0.0 0.0
0.0 0.0
0.0 0.0
0.0 0.0
0.0 0.0
0.0 0.0
0.0 0.0
0.0 0.0
0.0 0.0
0.0 0.0
0.0 0.0
0.0 0.0
0.0 0.0
0.0 0.0
0.0 0.0
0.0 0.0
0.0 0.0
0.0 0.0
0.0 0.0
0.0 0.0
0.0 0.0
0.0 0.0
0.0 0.0
0.0 0.0
0.0 0.0
0.0 0.0
0.0 0.0
0.0 0.0
0.0 0.0
0.0 0.0
0.0 0.0
0.0 0.0
0.0 0.0
0.0 0.0
0.0 0.0
0.0 0.0
0.0 0.0
0.0 0.0
0.0 0.0
0.0 0.0
0.0 0.0
0.0 0.0
0.0 0.0
0.0 0.0
0.0 0.0
0.0 0.0
0.0 0.0
0.0 0.0
0.0 0.0
0.0 0.0
0.0 0.0
0.0 0.0
0.0 0.0
0.0 0.0
0.0 0.0
0.0 0.0
0.0 0.0
0.0 0.0
0.0 0.0
0.0 0.0
0.0 0.0
0.0 0.0
0.0 0.0
0.0 0.0
0.0 0.0
0.0 0.0
0.0 0.0
0.0 0.0
0.0 0.0
0.0 0.0
0.0 0.0
0.0 0.0
0.0 0.0
0.0 0.0
0.0 0.0
0.0 0.0
0.0 0.0
0.0 0.0
0.0 0.0
0.0 0.0
0.0 0.0
0.0 0.0
0.0 0.0
0.0 0.0
0.0 0.0
0.0 0.0
0.0 0.0
0.0 0.0
0.0 0.0
0.0 0.0
0.0 0.0
0.0 0.0
0.0 0.0
0.0 0.0
0.0 0.0
0.0 0.0
0.0 0.0
0.0 0.0
0.0 0.0
0.0 0.0
0.0 0.0
0.0 0.0
0.0 0.0
0.0 0.0
0.0 0.0
0.0 0.0
0.0 0.0
0.0 0.0
0.0 0.0
0.0 0.0
0.0 0.0
0.0 0.0
0.0 0.0
0.0 0.0
0.0 0.0
0.0 0.0
0.0 0.0
0.0 0.0
0.0 0.0
0.0 0.0
0.0 0.0
0.0 0.0
0.0 0.0
0.0 0.0
0.0 0.0
0.0 0.0
0.0 0.0
0.0 0.0
0.0 0.0
0.0 0.0
0.0 0.0
0.0 0.0
0.0 0.0
0.0 0.0
0.0 0.0
0.0 0.0
0.0 0.0
0.0 0.0
0.0 0.0
0.0 0.0
0.0 0.0
0.0 0.0
0.0 0.0
0.0 0.0
0.0 0.0
0.0 0.0
0.0 0.0
0.0 0.0
0.0 0.0
0.0 0.0
0.0 0.0
0.0 0.0
0.0 0.0
0.0 0.0
0.0 0.0
0.0 0.0
0.0 0.0
0.0 0.0
0.0 0.0
0.0 0.0
0.0 0.0
0.0 0.0
0.0 0.0
0.0 0.0
0.0 0.0
0.0 0.0
0.0 0.0
0.0 0.0
0.0 0.0
0.0 0.0
0.0 0.0
0.0 0.0
0.0 0.0
0.0 0.0
0.0 0.0
0.0 0.0
0.0 0.0
0.0 0.0
0.0 0.0
0.0 0.0
0.0 0.0
0.0 0.0
0.0 0.0
0.0 0.0
0.0 0.0
0.0 0.0
0.0 0.0
0.0 0.0
0.0 0.0
0.0 0.0
0.0 0.0
0.0 0.0
0.0 0.0
0.0 0.0
0.0 0.0
0.0 0.0
0.0 0.0
0.0 0.0
0.0 0.0
0.0 0.0
0.0 0.0
0.0 0.0
0.0 0.0
0.0 0.0
0.0 0.0
0.0 0.0
0.0 0.0
0.0 0.0
0.0 0.0
0.0 0.0
0.0 0.0
0.0 0.0
0.0 0.0
0.0 0.0
0.0 0.0
0.0 0.0
0.0 0.0
0.0 0.0
0.0 0.0
0.0 0.0
0.0 0.0
0.0 0.0
0.0 0.0
0.0 0.0
0.0 0.0
0.0 0.0
0.0 0.0
0.0 0.0
0.0 0.0
0.0 0.0
0.0 0.0
0.0 0.0
0.0 0.0
0.0 0.0
0.0 0.0
0.0 0.0
0.0 0.0
0.0 0.0
0.0 0.0
0.0 0.0
0.0 0.0
0.0 0.0
0.0 0.0
0.0 0.0
0.0 0.0
0.0 0.0
0.0 0.0
0.0 0.0
0.0 0.0
0.0 0.0
0.0 0.0
0.0 0.0
0.0 0.0
0.0 0.0
0.0 0.0
0.0 0.0
0.0 0.0
0.0 0.0
0.0 0.0
0.0 0.0
0.0 0.0
0.0 0.0
0.0 0.0
0.0 0.0
0.0 0.0
0.0 0.0
0.0 0.0
0.0 0.0
0.0 0.0
0.0 0.0
0.0 0.0
0.0 0.0
0.0 0.0
0.0 0.0
0.0 0.0
0.0 0.0
0.0 0.0
0.0 0.0
0.0 0.0
0.0 0.0
0.0 0.0
0.0 0.0
0.0 0.0
0.0 0.0
0.0 0.0
0.0 0.0
0.0 0.0
0.0 0.0
0.0 0.0
0.0 0.0
0.0 0.0
0.0 0.0
0.0 0.0
0.0 0.0
0.0 0.0
0.0 0.0
0.0 0.0
0.0 0.0
0.0 0.0
0.0 0.0
0.0 0.0
0.0 0.0
0.0 0.0
0.0 0.0
0.0 0.0
0.0 0.0
0.0 0.0
0.0 0.0
0.0 0.0
0.0 0.0
0.0 0.0
0.0 0.0
0.0 0.0
0.0 0.0
0.0 0.0
0.0 0.0
0.0 0.0
0.0 0.0
0.0 0.0
0.0 0.0
0.0 0.0
0.0 0.0
0.0 0.0
0.0 0.0
0.0 0.0
0.0 0.0
0.0 0.0
0.0 0.0
0.0 0.0
0.0 0.0
0.0 0.0
0.0 0.0
0.0 0.0
0.0 0.0
0.0 0.0
0.0 0.0
0.0 0.0
0.0 0.0
0.0 0.0
0.0 0.0
0.0 0.0
0.0 0.0
0.0 0.0
0.0 0.0
0.0 0.0
0.0 0.0
0.0 0.0
0.0 0.0
0.0 0.0
0.0 0.0
0.0 0.0
0.0 0.0
0.0 0.0
0.0 0.0
0.0 0.0
0.0 0.0
0.0 0.0
0.0 0.0
0.0 0.0
0.0 0.0
0.0 0.0
0.0 0.0
0.0 0.0
0.0 0.0
0.0 0.0
0.0 0.0
0.0 0.0
0.0 0.0
0.0 0.0
0.0 0.0
0.0 0.0
0.0 0.0
0.0 0.0
0.0 0.0
0.0 0.0
0.0 0.0
0.0 0.0
0.0 0.0
0.0 0.0
0.0 0.0
0.0 0.0
0.0 0.0
0.0 0.0
0.0 0.0
0.0 0.0
0.0 0.0
0.0 0.0
0.0 0.0
0.0 0.0
0.0 0.0
0.0 0.0
0.0 0.0
0.0 0.0
0.0 0.0
0.0 0.0
0.0 0.0
0.0 0.0
0.0 0.0
0.0 0.0
0.0 0.0
0.0 0.0
0.0 0.0
0.0 0.0
0.0 0.0
0.0 0.0
0.0 0.0
0.0 0.0
0.0 0.0
0.0 0.0
0.0 0.0
0.0 0.0
0.0 0.0
0.0 0.0
0.0 0.0
0.0 0.0
0.0 0.0
0.0 0.0
0.0 0.0
0.0 0.0
0.0 0.0
0.0 0.0
0.0 0.0
0.0 0.0
0.0 0.0
0.0 0.0
0.0 0.0
0.0 0.0
0.0 0.0
0.0 0.0
0.0 0.0
0.0 0.0
0.0 0.0
0.0 0.0
0.0 0.0
0.0 0.0
0.0 0.0
0.0 0.0
0.0 0.0
0.0 0.0
0.0 0.0
0.0 0.0
0.0 0.0
0.0 0.0
0.0 0.0
0.0 0.0
0.0 0.0
0.0 0.0
0.0 0.0
0.0 0.0
0.0 0.0
0.0 0.0
0.0 0.0
0.0 0.0
0.0 0.0
0.0 0.0
0.0 0.0
0.0 0.0
0.0 0.0
0.0 0.0
0.0 0.0
0.0 0.0
0.0 0.0
0.0 0.0
0.0 0.0
0.0 0.0
0.0 0.0
0.0 0.0
0.0 0.0
0.0 0.0
0.0 0.0
0.0 0.0
0.0 0.0
0.0 0.0
0.0 0.0
0.0 0.0
0.0 0.0
0.0 0.0
0.0 0.0
0.0 0.0
0.0 0.0
0.0 0.0
0.0 0.0
0.0 0.0
0.0 0.0
0.0 0.0
0.0 0.0
0.0 0.0
0.0 0.0
0.0 0.0
0.0 0.0
0.0 0.0
0.0 0.0
0.0 0.0
0.0 0.0
0.0 0.0
0.0 0.0
0.0 0.0
0.0 0.0
0.0 0.0
0.0 0.0
0.0 0.0
0.0 0.0
0.0 0.0
0.0 0.0
0.0 0.0
0.0 0.0
0.0 0.0
0.0 0.0
0.0 0.0
0.0 0.0
0.0 0.0
0.0 0.0
0.0 0.0
0.0 0.0
0.0 0.0
0.0 0.0
0.0 0.0
0.0 0.0
0.0 0.0
0.0 0.0
0.0 0.0
0.0 0.0
0.0 0.0
0.0 0.0
0.0 0.0
0.0 0.0
0.0 0.0
0.0 0.0
0.0 0.0
0.0 0.0
0.0 0.0
0.0 0.0
0.0 0.0
0.0 0.0
0.0 0.0
0.0 0.0
0.0 0.0
0.0 0.0
0.0 0.0
0.0 0.0
0.0 0.0
0.0 0.0
0.0 0.0
0.0 0.0
0.0 0.0
0.0 0.0
0.0 0.0
0.0 0.0
0.0 0.0
0.0 0.0
0.0 0.0
0.0 0.0
0.0 0.0
0.0 0.0
0.0 0.0
0.0 0.0
0.0 0.0
0.0 0.0
0.0 0.0
0.0 0.0
0.0 0.0
0.0 0.0
0.0 0.0
0.0 0.0
0.0 0.0
0.0 0.0
0.0 0.0
0.0 0.0
0.0 0.0
0.0 0.0
0.0 0.0
0.0 0.0
0.0 0.0
0.0 0.0
0.0 0.0
0.0 0.0
0.0 0.0
0.0 0.0
0.0 0.0
0.0 0.0
0.0 0.0
0.0 0.0
0.0 0.0
0.0 0.0
0.0 0.0
0.0 0.0
0.0 0.0
0.0 0.0
0.0 0.0
0.0 0.0
0.0 0.0
0.0 0.0
0.0 0.0
0.0 0.0
0.0 0.0
0.0 0.0
0.0 0.0
0.0 0.0
0.0 0.0
0.0 0.0
0.0 0.0
0.0 0.0
0.0 0.0
0.0 0.0
0.0 0.0
0.0 0.0
0.0 0.0
0.0 0.0
0.0 0.0
0.0 0.0
0.0 0.0
0.0 0.0
0.0 0.0
0.0 0.0
0.0 0.0
0.0 0.0
0.0 0.0
0.0 0.0
0.0 0.0
0.0 0.0
0.0 0.0
0.0 0.0
0.0 0.0
0.0 0.0
0.0 0.0
0.0 0.0
0.0 0.0
0.0 0.0
0.0 0.0
0.0 0.0
0.0 0.0
0.0 0.0
0.0 0.0
0.0 0.0
0.0 0.0
0.0 0.0
0.0 0.0
0.0 0.0
0.0 0.0
0.0 0.0
0.0 0.0
0.0 0.0
0.0 0.0
0.0 0.0
0.0 0.0
0.0 0.0
0.0 0.0
0.0 0.0
0.0 0.0
0.0 0.0
0.0 0.0
0.0 0.0
0.0 0.0
0.0 0.0
0.0 0.0
0.0 0.0
0.0 0.0
0.0 0.0
0.0 0.0
0.0 0.0
0.0 0.0
0.0 0.0
0.0 0.0
0.0 0.0
0.0 0.0
0.0 0.0
0.0 0.0
0.0 0.0
0.0 0.0
0.0 0.0
0.0 0.0
0.0 0.0
0.0 0.0
0.0 0.0
0.0 0.0
0.0 0.0
0.0 0.0
0.0 0.0
0.0 0.0
0.0 0.0
0.0 0.0
0.0 0.0
0.0 0.0
0.0 0.0
0.0 0.0
0.0 0.0
0.0 0.0
0.0 0.0
0.0 0.0
0.0 0.0
0.0 0.0
0.0 0.0
0.0 0.0
0.0 0.0
0.0 0.0
0.0 0.0
0.0 0.0
0.0 0.0
0.0 0.0
0.0 0.0
0.0 0.0
0.0 0.0
0.0 0.0
0.0 0.0
0.0 0.0
2304
61 65 53
53 65 57
53 57 47
47 57 45
47 45 41
41 45 37
41 37 33
33 37 29
33 29 25
25 29 21
25 21 17
17 21 7
17 7 13
13 7 3
13 3 11
11 3 1
11 1 15
15 1 5
15 5 19
19 5 9
19 9 27
27 9 23
27 23 35
35 23 31
35 31 43
43 31 39
43 39 49
49 39 51
49 51 55
55 51 59
55 59 63
63 59 67
63 67 71
71 67 75
71 75 79
79 75 89
79 89 83
83 89 93
83 93 85
85 93 95
85 95 81
81 95 91
81 91 77
77 91 87
77 87 69
69 87 73
69 73 61
61 73 65
15 10 11
11 10 12
11 12 13
13 12 16
13 16 17
17 16 24
17 24 25
25 24 32
25 32 33
33 32 40
33 40 41
41 40 46
41 46 47
47 46 52
47 52 53
53 52 60
53 60 61
61 60 68
61 68 69
69 68 76
69 76 77
77 76 80
77 80 81
81 80 84
81 84 85
85 84 82
85 82 83
83 82 78
83 78 79
79 78 70
79 70 71
71 70 62
71 62 63
63 62 54
63 54 55
55 54 48
55 48 49
49 48 42
49 42 43
43 42 34
43 34 35
35 34 26
35 26 27
27 26 18
27 18 19
19 18 14
19 14 15
15 14 10
32 28 40
40 28 36
40 36 46
46 36 44
46 44 52
52 44 56
52 56 60
60 56 64
60 64 68
68 64 72
68 72 76
76 72 86
76 86 80
80 86 90
80 90 84
84 90 94
84 94 82
82 94 92
82 92 78
78 92 88
78 88 70
70 88 74
70 74 62
62 74 66
62 66 54
54 66 58
54 58 48
48 58 50
48 50 42
42 50 38
42 38 34
34 38 30
34 30 26
26 30 22
26 22 18
18 22 8
18 8 14
14 8 4
14 4 10
4 0 10
10 0 12
12 0 2
12 2 16
16 2 6
16 6 24
24 6 20
24 20 32
32 20 28
3 0 1
1 0 4
1 4 5
5 4 8
5 8 9
9 8 22
9 22 23
23 22 30
23 30 31
31 30 38
31 38 39
39 38 50
39 50 51
51 50 58
51 58 59
59 58 66
59 66 67
67 66 74
67 74 75
75 74 88
75 88 89
89 88 92
89 92 93
93 92 94
93 94 95
95 94 90
95 90 91
91 90 86
91 86 87
87 86 72
87 72 73
73 72 64
73 64 65
65 64 56
65 56 57
57 56 44
57 44 45
45 44 36
45 36 37
37 36 28
37 28 29
29 28 20
29 20 21
21 20 6
21 6 7
7 6 2
7 2 3
2 0 3
173 183 165
165 183 169
165 169 157
157 169 161
157 161 149
149 161 153
149 153 143
143 153 141
143 141 137
137 141 133
137 133 129
129 133 125
129 125 121
121 125 117
121 117 113
113 117 103
113 103 109
109 103 99
109 99 107
107 99 97
107 97 111
111 97 101
111 101 115
115 101 105
115 105 123
123 105 119
123 119 131
131 119 127
131 127 139
139 127 135
139 135 145
145 135 147
145 147 151
151 147 155
151 155 159
159 155 163
159 163 167
167 163 171
167 171 175
175 171 185
175 185 179
179 185 189
179 189 181
181 189 191
181 191 177
177 191 187
177 187 173
173 187 183
111 106 107
107 106 108
107 108 109
109 108 112
109 112 113
113 112 120
113 120 121
121 120 128
121 128 129
129 128 136
129 136 137
137 136 142
137 142 143
143 142 148
143 148 149
149 148 156
149 156 157
157 156 164
157 164 165
165 164 172
165 172 173
173 172 176
173 176 177
177 176 180
177 180 181
181 180 178
181 178 179
179 178 174
179 174 175
175 174 166
175 166 167
167 166 158
167 158 159
159 158 150
159 150 151
151 150 144
151 144 145
145 144 138
145 138 139
139 138 130
139 130 131
131 130 122
131 122 123
123 122 114
123 114 115
115 114 110
115 110 111
111 110 106
112 102 120
120 102 116
120 116 128
128 116 124
128 124 136
136 124 132
136 132 142
142 132 140
142 140 148
148 140 152
148 152 156
156 152 160
156 160 164
164 160 168
164 168 172
172 168 182
172 182 176
176 182 186
176 186 180
180 186 190
180 190 178
178 190 188
178 188 174
174 188 184
174 184 166
166 184 170
166 170 158
158 170 162
158 162 150
150 162 154
150 154 144
144 154 146
144 146 138
138 146 134
138 134 130
130 134 126
130 126 122
122 126 118
122 118 114
114 118 104
114 104 110
110 104 100
110 100 106
100 96 106
106 96 108
108 96 98
108 98 112
112 98 102
99 96 97
97 96 100
97 100 101
101 100 104
101 104 105
105 104 118
105 118 119
119 118 126
119 126 127
127 126 134
127 134 135
135 134 146
135 146 147
147 146 154
147 154 155
155 154 162
155 162 163
163 162 170
163 170 171
171 170 184
171 184 185
185 184 188
185 188 189
189 188 190
189 190 191
191 190 186
191 186 187
187 186 182
187 182 183
183 182 168
183 168 169
169 168 160
169 160 161
161 160 152
161 152 153
153 152 140
153 140 141
141 140 132
141 132 133
133 132 124
133 124 125
125 124 116
125 116 117
117 116 102
117 102 103
103 102 98
103 98 99
98 96 99
225 221 217
217 221 213
217 213 209
209 213 199
209 199 205
205 199 195
205 195 203
203 195 193
203 193 207
207 193 197
207 197 211
211 197 201
211 201 219
219 201 215
219 215 227
227 215 223
227 223 235
235 223 231
235 231 241
241 231 243
241 243 247
247 243 251
247 251 255
255 251 259
255 259 263
263 259 267
263 267 271
271 267 281
271 281 275
275 281 285
275 285 277
277 285 287
277 287 273
273 287 283
273 283 269
269 283 279
269 279 261
261 279 265
261 265 253
253 265 257
253 257 245
245 257 249
245 249 239
239 249 237
239 237 233
233 237 229
233 229 225
225 229 221
207 202 203
203 202 204
203 204 205
205 204 208
205 208 209
209 208 216
209 216 217
217 216 224
217 224 225
225 224 232
225 232 233
233 232 238
233 238 239
239 238 244
239 244 245
245 244 252
245 252 253
253 252 260
253 260 261
261 260 268
261 268 269
269 268 272
269 272 273
273 272 276
273 276 277
277 276 274
277 274 275
275 274 270
275 270 271
271 270 262
271 262 263
263 262 254
263 254 255
255 254 246
255 246 247
247 246 240
247 240 241
241 240 234
241 234 235
235 234 226
235 226 227
227 226 218
227 218 219
219 218 210
219 210 211
211 210 206
211 206 207
207 206 202
208 198 216
216 198 212
216 212 224
224 212 220
224 220 232
232 220 228
232 228 238
238 228 236
238 236 244
244 236 248
244 248 252
252 248 256
252 256 260
260 256 264
260 264 268
268 264 278
268 278 272
272 278 282
272 282 276
276 282 286
276 286 274
274 286 284
274 284 270
270 284 280
270 280 262
262 280 266
262 266 254
254 266 258
254 258 246
246 258 250
246 250 240
240 250 242
240 242 234
234 242 230
234 230 226
226 230 222
226 222 218
218 222 214
218 214 210
210 214 200
210 200 206
206 200 196
206 196 202
196 192 202
202 192 204
204 192 194
204 194 208
208 194 198
195 192 193
193 192 196
193 196 197
197 196 200
197 200 201
201 200 214
201 214 215
215 214 222
215 222 223
223 222 230
223 230 231
231 230 242
231 242 243
243 242 250
243 250 251
251 250 258
251 258 259
259 258 266
259 266 267
267 266 280
267 280 281
281 280 284
281 284 285
285 284 286
285 286 287
287 286 282
287 282 283
283 282 278
283 278 279
279 278 264
279 264 265
265 264 256
265 256 257
257 256 248
257 248 249
249 248 236
249 236 237
237 236 228
237 228 229
229 228 220
229 220 221
221 220 212
221 212 213
213 212 198
213 198 199
199 198 194
199 194 195
194 192 195
349 353 341
341 353 345
341 345 335
335 345 333
335 333 329
329 333 325
329 325 321
321 325 317
321 317 313
313 317 309
313 309 305
305 309 295
305 295 301
301 295 291
301 291 299
299 291 289
299 289 303
303 289 293
303 293 307
307 293 297
307 297 315
315 297 311
315 311 323
323 311 319
323 319 331
331 319 327
331 327 337
337 327 339
337 339 343
343 339 347
343 347 351
351 347 355
351 355 359
359 355 363
359 363 367
367 363 377
367 377 371
371 377 381
371 381 373
373 381 383
373 383 369
369 383 379
369 379 365
365 379 375
365 375 357
357 375 361
357 361 349
349 361 353
303 298 299
299 298 300
299 300 301
301 300 304
301 304 305
305 304 312
305 312 313
313 312 320
313 320 321
321 320 328
321 328 329
329 328 334
329 334 335
335 334 340
335 340 341
341 340 348
341 348 349
349 348 356
349 356 357
357 356 364
357 364 365
365 364 368
365 368 369
369 368 372
369 372 373
373 372 370
373 370 371
371 370 366
371 366 367
367 366 358
367 358 359
359 358 350
359 350 351
351 350 342
351 342 343
343 342 336
343 336 337
337 336 330
337 330 331
331 330 322
331 322 323
323 322 314
323 314 315
315 314 306
315 306 307
307 306 302
307 302 303
303 302 298
328 324 334
334 324 332
334 332 340
340 332 344
340 344 348
348 344 352
348 352 356
356 352 360
356 360 364
364 360 374
364 374 368
368 374 378
368 378 372
372 378 382
372 382 370
370 382 380
370 380 366
366 380 376
366 376 358
358 376 362
358 362 350
350 362 354
350 354 342
342 354 346
342 346 336
336 346 338
336 338 330
330 338 326
330 326 322
322 326 318
322 318 314
314 318 310
314 310 306
306 310 296
306 296 302
302 296 292
302 292 298
292 288 298
298 288 300
300 288 290
300 290 304
304 290 294
304 294 312
312 294 308
312 308 320
320 308 316
320 316 328
328 316 324
291 288 289
289 288 292
289 292 293
293 292 296
293 296 297
297 296 310
297 310 311
311 310 318
311 318 319
319 318 326
319 326 327
327 326 338
327 338 339
339 338 346
339 346 347
347 346 354
347 354 355
355 354 362
355 362 363
363 362 376
363 376 377
377 376 380
377 380 381
381 380 382
381 382 383
383 382 378
383 378 379
379 378 374
379 374 375
375 374 360
375 360 361
361 360 352
361 352 353
353 352 344
353 344 345
345 344 332
345 332 333
333 332 324
333 324 325
325 324 316
325 316 317
317 316 308
317 308 309
309 308 294
309 294 295
295 294 290
295 290 291
290 288 291
437 441 431
431 441 429
431 429 425
425 429 421
425 421 417
417 421 413
417 413 409
409 413 405
409 405 401
401 405 391
401 391 397
397 391 387
397 387 395
395 387 385
395 385 399
399 385 389
399 389 403
403 389 393
403 393 411
411 393 407
411 407 419
419 407 415
419 415 427
427 415 423
427 423 433
433 423 435
433 435 439
439 435 443
439 443 447
447 443 451
447 451 455
455 451 459
455 459 463
463 459 473
463 473 467
467 473 477
467 477 469
469 477 479
469 479 465
465 479 475
465 475 461
461 475 471
461 471 453
453 471 457
453 457 445
445 457 449
445 449 437
437 449 441
399 394 395
395 394 396
395 396 397
397 396 400
397 400 401
401 400 408
401 408 409
409 408 416
409 416 417
417 416 424
417 424 425
425 424 430
425 430 431
431 430 436
431 436 437
437 436 444
437 444 445
445 444 452
445 452 453
453 452 460
453 460 461
461 460 464
461 464 465
465 464 468
465 468 469
469 468 466
469 466 467
467 466 462
467 462 463
463 462 454
463 454 455
455 454 446
455 446 447
447 446 438
447 438 439
439 438 432
439 432 433
433 432 426
433 426 427
427 426 418
427 418 419
419 418 410
419 410 411
411 410 402
411 402 403
403 402 398
403 398 399
399 398 394
464 474 468
468 474 478
468 478 466
466 478 476
466 476 462
462 476 472
462 472 454
454 472 458
454 458 446
446 458 450
446 450 438
438 450 442
438 442 432
432 442 434
432 434 426
426 434 422
426 422 418
418 422 414
418 414 410
410 414 406
410 406 402
402 406 392
402 392 398
398 392 388
398 388 394
388 384 394
394 384 396
396 384 386
396 386 400
400 386 390
400 390 408
408 390 404
408 404 416
416 404 412
416 412 424
424 412 420
424 420 430
430 420 428
430 428 436
436 428 440
436 440 444
444 440 448
444 448 452
452 448 456
452 456 460
460 456 470
460 470 464
464 470 474
387 384 385
385 384 388
385 388 389
389 388 392
389 392 393
393 392 406
393 406 407
407 406 414
407 414 415
415 414 422
415 422 423
423 422 434
423 434 435
435 434 442
435 442 443
443 442 450
443 450 451
451 450 458
451 458 459
459 458 472
459 472 473
473 472 476
473 476 477
477 476 478
477 478 479
479 478 474
479 474 475
475 474 470
475 470 471
471 470 456
471 456 457
457 456 448
457 448 449
449 448 440
449 440 441
441 440 428
441 428 429
429 428 420
429 420 421
421 420 412
421 412 413
413 412 404
413 404 405
405 404 390
405 390 391
391 390 386
391 386 387
386 384 387
541 545 533
533 545 537
533 537 527
527 537 525
527 525 521
521 525 517
521 517 513
513 517 509
513 509 505
505 509 501
505 501 497
497 501 487
497 487 493
493 487 483
493 483 491
491 483 481
491 481 495
495 481 485
495 485 499
499 485 489
499 489 507
507 489 503
507 503 515
515 503 511
515 511 523
523 511 519
523 519 529
529 519 531
529 531 535
535 531 539
535 539 543
543 539 547
543 547 551
551 547 555
551 555 559
559 555 569
559 569 563
563 569 573
563 573 565
565 573 575
565 575 561
561 575 571
561 571 557
557 571 567
557 567 549
549 567 553
549 553 541
541 553 545
495 490 491
491 490 492
491 492 493
493 492 496
493 496 497
497 496 504
497 504 505
505 504 512
505 512 513
513 512 520
513 520 521
521 520 526
521 526 527
527 526 532
527 532 533
533 532 540
533 540 541
541 540 548
541 548 549
549 548 556
549 556 557
557 556 560
557 560 561
561 560 564
561 564 565
565 564 562
565 562 563
563 562 558
563 558 559
559 558 550
559 550 551
551 550 542
551 542 543
543 542 534
543 534 535
535 534 528
535 528 529
529 528 522
529 522 523
523 522 514
523 514 515
515 514 506
515 506 507
507 506 498
507 498 499
499 498 494
499 494 495
495 494 490
540 544 548
548 544 552
548 552 556
556 552 566
556 566 560
560 566 570
560 570 564
564 570 574
564 574 562
562 574 572
562 572 558
558 572 568
558 568 550
550 568 554
550 554 542
542 554 546
542 546 534
534 546 538
534 538 528
528 538 530
528 530 522
522 530 518
522 518 514
514 518 510
514 510 506
506 510 502
506 502 498
498 502 488
498 488 494
494 488 484
494 484 490
484 480 490
490 480 492
492 480 482
492 482 496
496 482 486
496 486 504
504 486 500
504 500 512
512 500 508
512 508 520
520 508 516
520 516 526
526 516 524
526 524 532
532 524 536
532 536 540
540 536 544
483 480 481
481 480 484
481 484 485
485 484 488
485 488 489
489 488 502
489 502 503
503 502 510
503 510 511
511 510 518
511 518 519
519 518 530
519 530 531
531 530 538
531 538 539
539 538 546
539 546 547
547 546 554
547 554 555
555 554 568
555 568 569
569 568 572
569 572 573
573 572 574
573 574 575
575 574 570
575 570 571
571 570 566
571 566 567
567 566 552
567 552 553
553 552 544
553 544 545
545 544 536
545 536 537
537 536 524
537 524 525
525 524 516
525 516 517
517 516 508
517 508 509
509 508 500
509 500 501
501 500 486
501 486 487
487 486 482
487 482 483
482 480 483
591 586 587
587 586 588
587 588 589
589 588 596
589 596 597
597 596 600
597 600 601
601 600 608
601 608 609
609 608 616
609 616 617
617 616 622
617 622 623
623 622 628
623 628 629
629 628 636
629 636 637
637 636 644
637 644 645
645 644 648
645 648 649
649 648 656
649 656 657
657 656 660
657 660 661
661 660 658
661 658 659
659 658 650
659 650 651
651 650 646
651 646 647
647 646 638
647 638 639
639 638 630
639 630 631
631 630 624
631 624 625
625 624 618
625 618 619
619 618 610
619 610 611
611 610 602
611 602 603
603 602 598
603 598 599
599 598 590
599 590 591
591 590 586
636 640 644
644 640 652
644 652 648
648 652 662
648 662 656
656 662 666
656 666 660
660 666 670
660 670 658
658 670 668
658 668 650
650 668 664
650 664 646
646 664 654
646 654 638
638 654 642
638 642 630
630 642 634
630 634 624
624 634 626
624 626 618
618 626 614
618 614 610
610 614 606
610 606 602
602 606 594
602 594 598
598 594 584
598 584 590
590 584 580
590 580 586
580 576 586
586 576 588
588 576 578
588 578 596
596 578 582
596 582 600
600 582 592
600 592 608
608 592 604
608 604 616
616 604 612
616 612 622
622 612 620
622 620 628
628 620 632
628 632 636
636 632 640
579 576 577
577 576 580
577 580 581
581 580 584
581 584 585
585 584 594
585 594 595
595 594 606
595 606 607
607 606 614
607 614 615
615 614 626
615 626 627
627 626 634
627 634 635
635 634 642
635 642 643
643 642 654
643 654 655
655 654 664
655 664 665
665 664 668
665 668 669
669 668 670
669 670 671
671 670 666
671 666 667
667 666 662
667 662 663
663 662 652
663 652 653
653 652 640
653 640 641
641 640 632
641 632 633
633 632 620
633 620 621
621 620 612
621 612 613
613 612 604
613 604 605
605 604 592
605 592 593
593 592 582
593 582 583
583 582 578
583 578 579
578 576 579
597 583 589
589 583 579
589 579 587
587 579 577
587 577 591
591 577 581
591 581 599
599 581 585
599 585 603
603 585 595
603 595 611
611 595 607
611 607 619
619 607 615
619 615 625
625 615 627
625 627 631
631 627 635
631 635 639
639 635 643
639 643 647
647 643 655
647 655 651
651 655 665
651 665 659
659 665 669
659 669 661
661 669 671
661 671 657
657 671 667
657 667 649
649 667 663
649 663 645
645 663 653
645 653 637
637 653 641
637 641 629
629 641 633
629 633 623
623 633 621
623 621 617
617 621 613
617 613 609
609 613 605
609 605 601
601 605 593
601 593 597
597 593 583
687 682 683
683 682 684
683 684 685
685 684 692
685 692 693
693 692 696
693 696 697
697 696 704
697 704 705
705 704 712
705 712 713
713 712 718
713 718 719
719 718 724
719 724 725
725 724 732
725 732 733
733 732 740
733 740 741
741 740 744
741 744 745
745 744 752
745 752 753
753 752 756
753 756 757
757 756 754
757 754 755
755 754 746
755 746 747
747 746 742
747 742 743
743 742 734
743 734 735
735 734 726
735 726 727
727 726 720
727 720 721
721 720 714
721 714 715
715 714 706
715 706 707
707 706 698
707 698 699
699 698 694
699 694 695
695 694 686
695 686 687
687 686 682
720 722 714
714 722 710
714 710 706
706 710 702
706 702 698
698 702 690
698 690 694
694 690 680
694 680 686
686 680 676
686 676 682
676 672 682
682 672 684
684 672 674
684 674 692
692 674 678
692 678 696
696 678 688
696 688 704
704 688 700
704 700 712
712 700 708
712 708 718
718 708 716
718 716 724
724 716 728
724 728 732
732 728 736
732 736 740
740 736 748
740 748 744
744 748 758
744 758 752
752 758 762
752 762 756
756 762 766
756 766 754
754 766 764
754 764 746
746 764 760
746 760 742
742 760 750
742 750 734
734 750 738
734 738 726
726 738 730
726 730 720
720 730 722
675 672 673
673 672 676
673 676 677
677 676 680
677 680 681
681 680 690
681 690 691
691 690 702
691 702 703
703 702 710
703 710 711
711 710 722
711 722 723
723 722 730
723 730 731
731 730 738
731 738 739
739 738 750
739 750 751
751 750 760
751 760 761
761 760 764
761 764 765
765 764 766
765 766 767
767 766 762
767 762 763
763 762 758
763 758 759
759 758 748
759 748 749
749 748 736
749 736 737
737 736 728
737 728 729
729 728 716
729 716 717
717 716 708
717 708 709
709 708 700
709 700 701
701 700 688
701 688 689
689 688 678
689 678 679
679 678 674
679 674 675
674 672 675
705 701 697
697 701 689
697 689 693
693 689 679
693 679 685
685 679 675
685 675 683
683 675 673
683 673 687
687 673 677
687 677 695
695 677 681
695 681 699
699 681 691
699 691 707
707 691 703
707 703 715
715 703 711
715 711 721
721 711 723
721 723 727
727 723 731
727 731 735
735 731 739
735 739 743
743 739 751
743 751 747
747 751 761
747 761 755
755 761 765
755 765 757
757 765 767
757 767 753
753 767 763
753 763 745
745 763 759
745 759 741
741 759 749
741 749 733
733 749 737
733 737 725
725 737 729
725 729 719
719 729 717
719 717 713
713 717 709
713 709 705
705 709 701
783 778 779
779 778 780
779 780 781
781 780 788
781 788 789
789 788 792
789 792 793
793 792 800
793 800 801
801 800 808
801 808 809
809 808 814
809 814 815
815 814 820
815 820 821
821 820 828
821 828 829
829 828 836
829 836 837
837 836 840
837 840 841
841 840 848
841 848 849
849 848 852
849 852 853
853 852 850
853 850 851
851 850 842
851 842 843
843 842 838
843 838 839
839 838 830
839 830 831
831 830 822
831 822 823
823 822 816
823 816 817
817 816 810
817 810 811
811 810 802
811 802 803
803 802 794
803 794 795
795 794 790
795 790 791
791 790 782
791 782 783
783 782 778
828 832 836
836 832 844
836 844 840
840 844 854
840 854 848
848 854 858
848 858 852
852 858 862
852 862 850
850 862 860
850 860 842
842 860 856
842 856 838
838 856 846
838 846 830
830 846 834
830 834 822
822 834 826
822 826 816
816 826 818
816 818 810
810 818 806
810 806 802
802 806 798
802 798 794
794 798 786
794 786 790
790 786 776
790 776 782
782 776 772
782 772 778
772 768 778
778 768 780
780 768 770
780 770 788
788 770 774
788 774 792
792 774 784
792 784 800
800 784 796
800 796 808
808 796 804
808 804 814
814 804 812
814 812 820
820 812 824
820 824 828
828 824 832
771 768 769
769 768 772
769 772 773
773 772 776
773 776 777
777 776 786
777 786 787
787 786 798
787 798 799
799 798 806
799 806 807
807 806 818
807 818 819
819 818 826
819 826 827
827 826 834
827 834 835
835 834 846
835 846 847
847 846 856
847 856 857
857 856 860
857 860 861
861 860 862
861 862 863
863 862 858
863 858 859
859 858 854
859 854 855
855 854 844
855 844 845
845 844 832
845 832 833
833 832 824
833 824 825
825 824 812
825 812 813
813 812 804
813 804 805
805 804 796
805 796 797
797 796 784
797 784 785
785 784 774
785 774 775
775 774 770
775 770 771
770 768 771
801 797 793
793 797 785
793 785 789
789 785 775
789 775 781
781 775 771
781 771 779
779 771 769
779 769 783
783 769 773
783 773 791
791 773 777
791 777 795
795 777 787
795 787 803
803 787 799
803 799 811
811 799 807
811 807 817
817 807 819
817 819 823
823 819 827
823 827 831
831 827 835
831 835 839
839 835 847
839 847 843
843 847 857
843 857 851
851 857 861
851 861 853
853 861 863
853 863 849
849 863 859
849 859 841
841 859 855
841 855 837
837 855 845
837 845 829
829 845 833
829 833 821
821 833 825
821 825 815
815 825 813
815 813 809
809 813 805
809 805 801
801 805 797
879 874 875
875 874 876
875 876 877
877 876 884
877 884 885
885 884 888
885 888 889
889 888 896
889 896 897
897 896 904
897 904 905
905 904 910
905 910 911
911 910 916
911 916 917
917 916 924
917 924 925
925 924 932
925 932 933
933 932 936
933 936 937
937 936 944
937 944 945
945 944 948
945 948 949
949 948 946
949 946 947
947 946 938
947 938 939
939 938 934
939 934 935
935 934 926
935 926 927
927 926 918
927 918 919
919 918 912
919 912 913
913 912 906
913 906 907
907 906 898
907 898 899
899 898 890
899 890 891
891 890 886
891 886 887
887 886 878
887 878 879
879 878 874
936 950 944
944 950 954
944 954 948
948 954 958
948 958 946
946 958 956
946 956 938
938 956 952
938 952 934
934 952 942
934 942 926
926 942 930
926 930 918
918 930 922
918 922 912
912 922 914
912 914 906
906 914 902
906 902 898
898 902 894
898 894 890
890 894 882
890 882 886
886 882 872
886 872 878
878 872 868
878 868 874
868 864 874
874 864 876
876 864 866
876 866 884
884 866 870
884 870 888
888 870 880
888 880 896
896 880 892
896 892 904
904 892 900
904 900 910
910 900 908
910 908 916
916 908 920
916 920 924
924 920 928
924 928 932
932 928 940
932 940 936
936 940 950
867 864 865
865 864 868
865 868 869
869 868 872
869 872 873
873 872 882
873 882 883
883 882 894
883 894 895
895 894 902
895 902 903
903 902 914
903 914 915
915 914 922
915 922 923
923 922 930
923 930 931
931 930 942
931 942 943
943 942 952
943 952 953
953 952 956
953 956 957
957 956 958
957 958 959
959 958 954
959 954 955
955 954 950
955 950 951
951 950 940
951 940 941
941 940 928
941 928 929
929 928 920
929 920 921
921 920 908
921 908 909
909 908 900
909 900 901
901 900 892
901 892 893
893 892 880
893 880 881
881 880 870
881 870 871
871 870 866
871 866 867
866 864 867
897 893 889
889 893 881
889 881 885
885 881 871
885 871 877
877 871 867
877 867 875
875 867 865
875 865 879
879 865 869
879 869 887
887 869 873
887 873 891
891 873 883
891 883 899
899 883 895
899 895 907
907 895 903
907 903 913
913 903 915
913 915 919
919 915 923
919 923 927
927 923 931
927 931 935
935 931 943
935 943 939
939 943 953
939 953 947
947 953 957
947 957 949
949 957 959
949 959 945
945 959 955
945 955 937
937 955 951
937 951 933
933 951 941
933 941 925
925 941 929
925 929 917
917 929 921
917 921 911
911 921 909
911 909 905
905 909 901
905 901 897
897 901 893
975 970 971
971 970 972
971 972 973
973 972 980
973 980 981
981 980 984
981 984 985
985 984 992
985 992 993
993 992 1000
993 1000 1001
1001 1000 1006
1001 1006 1007
1007 1006 1012
1007 1012 1013
1013 1012 1020
1013 1020 1021
1021 1020 1028
1021 1028 1029
1029 1028 1032
1029 1032 1033
1033 1032 1040
1033 1040 1041
1041 1040 1044
1041 1044 1045
1045 1044 1042
1045 1042 1043
1043 1042 1034
1043 1034 1035
1035 1034 1030
1035 1030 1031
1031 1030 1022
1031 1022 1023
1023 1022 1014
1023 1014 1015
1015 1014 1008
1015 1008 1009
1009 1008 1002
1009 1002 1003
1003 1002 994
1003 994 995
995 994 986
995 986 987
987 986 982
987 982 983
983 982 974
983 974 975
975 974 970
1028 1036 1032
1032 1036 1046
1032 1046 1040
1040 1046 1050
1040 1050 1044
1044 1050 1054
1044 1054 1042
1042 1054 1052
1042 1052 1034
1034 1052 1048
1034 1048 1030
1030 1048 1038
1030 1038 1022
1022 1038 1026
1022 1026 1014
1014 1026 1018
1014 1018 1008
1008 1018 1010
1008 1010 1002
1002 1010 998
1002 998 994
994 998 990
994 990 986
986 990 978
986 978 982
982 978 968
982 968 974
974 968 964
974 964 970
964 960 970
970 960 972
972 960 962
972 962 980
980 962 966
980 966 984
984 966 976
984 976 992
992 976 988
992 988 1000
1000 988 996
1000 996 1006
1006 996 1004
1006 1004 1012
1012 1004 1016
1012 1016 1020
1020 1016 1024
1020 1024 1028
1028 1024 1036
963 960 961
961 960 964
961 964 965
965 964 968
965 968 969
969 968 978
969 978 979
979 978 990
979 990 991
991 990 998
991 998 999
999 998 1010
999 1010 1011
1011 1010 1018
1011 1018 1019
1019 1018 1026
1019 1026 1027
1027 1026 1038
1027 1038 1039
1039 1038 1048
1039 1048 1049
1049 1048 1052
1049 1052 1053
1053 1052 1054
1053 1054 1055
1055 1054 1050
1055 1050 1051
1051 1050 1046
1051 1046 1047
1047 1046 1036
1047 1036 1037
1037 1036 1024
1037 1024 1025
1025 1024 1016
1025 1016 1017
1017 1016 1004
1017 1004 1005
1005 1004 996
1005 996 997
997 996 988
997 988 989
989 988 976
989 976 977
977 976 966
977 966 967
967 966 962
967 962 963
962 960 963
1029 1037 1021
1021 1037 1025
1021 1025 1013
1013 1025 1017
1013 1017 1007
1007 1017 1005
1007 1005 1001
1001 1005 997
1001 997 993
993 997 989
993 989 985
985 989 977
985 977 981
981 977 967
981 967 973
973 967 963
973 963 971
971 963 961
971 961 975
975 961 965
975 965 983
983 965 969
983 969 987
987 969 979
987 979 995
995 979 991
995 991 1003
1003 991 999
1003 999 1009
1009 999 1011
1009 1011 1015
1015 1011 1019
1015 1019 1023
1023 1019 1027
1023 1027 1031
1031 1027 1039
1031 1039 1035
1035 1039 1049
1035 1049 1043
1043 1049 1053
1043 1053 1045
1045 1053 1055
1045 1055 1041
1041 1055 1051
1041 1051 1033
1033 1051 1047
1033 1047 1029
1029 1047 1037
1071 1066 1067
1067 1066 1068
1067 1068 1069
1069 1068 1076
1069 1076 1077
1077 1076 1080
1077 1080 1081
1081 1080 1088
1081 1088 1089
1089 1088 1096
1089 1096 1097
1097 1096 1102
1097 1102 1103
1103 1102 1108
1103 1108 1109
1109 1108 1116
1109 1116 1117
1117 1116 1124
1117 1124 1125
1125 1124 1128
1125 1128 1129
1129 1128 1136
1129 1136 1137
1137 1136 1140
1137 1140 1141
1141 1140 1138
1141 1138 1139
1139 1138 1130
1139 1130 1131
1131 1130 1126
1131 1126 1127
1127 1126 1118
1127 1118 1119
1119 1118 1110
1119 1110 1111
1111 1110 1104
1111 1104 1105
1105 1104 1098
1105 1098 1099
1099 1098 1090
1099 1090 1091
1091 1090 1082
1091 1082 1083
1083 1082 1078
1083 1078 1079
1079 1078 1070
1079 1070 1071
1071 1070 1066
1076 1062 1080
1080 1062 1072
1080 1072 1088
1088 1072 1084
1088 1084 1096
1096 1084 1092
1096 1092 1102
1102 1092 1100
1102 1100 1108
1108 1100 1112
1108 1112 1116
1116 1112 1120
1116 1120 1124
1124 1120 1132
1124 1132 1128
1128 1132 1142
1128 1142 1136
1136 1142 1146
1136 1146 1140
1140 1146 1150
1140 1150 1138
1138 1150 1148
1138 1148 1130
1130 1148 1144
1130 1144 1126
1126 1144 1134
1126 1134 1118
1118 1134 1122
1118 1122 1110
1110 1122 1114
1110 1114 1104
1104 1114 1106
1104 1106 1098
1098 1106 1094
1098 1094 1090
1090 1094 1086
1090 1086 1082
1082 1086 1074
1082 1074 1078
1078 1074 1064
1078 1064 1070
1070 1064 1060
1070 1060 1066
1060 1056 1066
1066 1056 1068
1068 1056 1058
1068 1058 1076
1076 1058 1062
1059 1056 1057
1057 1056 1060
1057 1060 1061
1061 1060 1064
1061 1064 1065
1065 1064 1074
1065 1074 1075
1075 1074 1086
1075 1086 1087
1087 1086 1094
1087 1094 1095
1095 1094 1106
1095 1106 1107
1107 1106 1114
1107 1114 1115
1115 1114 1122
1115 1122 1123
1123 1122 1134
1123 1134 1135
1135 1134 1144
1135 1144 1145
1145 1144 1148
1145 1148 1149
1149 1148 1150
1149 1150 1151
1151 1150 1146
1151 1146 1147
1147 1146 1142
1147 1142 1143
1143 1142 1132
1143 1132 1133
1133 1132 1120
1133 1120 1121
1121 1120 1112
1121 1112 1113
1113 1112 1100
1113 1100 1101
1101 1100 1092
1101 1092 1093
1093 1092 1084
1093 1084 1085
1085 1084 1072
1085 1072 1073
1073 1072 1062
1073 1062 1063
1063 1062 1058
1063 1058 1059
1058 1056 1059
1097 1093 1089
1089 1093 1085
1089 1085 1081
1081 1085 1073
1081 1073 1077
1077 1073 1063
1077 1063 1069
1069 1063 1059
1069 1059 1067
1067 1059 1057
1067 1057 1071
1071 1057 1061
1071 1061 1079
1079 1061 1065
1079 1065 1083
1083 1065 1075
1083 1075 1091
1091 1075 1087
1091 1087 1099
1099 1087 1095
1099 1095 1105
1105 1095 1107
1105 1107 1111
1111 1107 1115
1111 1115 1119
1119 1115 1123
1119 1123 1127
1127 1123 1135
1127 1135 1131
1131 1135 1145
1131 1145 1139
1139 1145 1149
1139 1149 1141
1141 1149 1151
1141 1151 1137
1137 1151 1147
1137 1147 1129
1129 1147 1143
1129 1143 1125
1125 1143 1133
1125 1133 1117
1117 1133 1121
1117 1121 1109
1109 1121 1113
1109 1113 1103
1103 1113 1101
1103 1101 1097
1097 1101 1093
