91
-0.02663 0.37326 -0.13671
-0.03077 0.37639 -0.27017
0.02879 0.40627 -0.12159
0.08419 0.37326 -0.13671
0.08833 0.37639 -0.27017
0.02879 0.40445 -0.29212
0.02879 0.37853 0.16473
-0.01708 0.34742 0.15671
0.02878 0.34034 -0.42462
-0.08290 0.31373 -0.36051
-0.10329 0.29549 -0.24771
-0.07811 0.28780 0.06885
0.07464 0.34742 0.15671
0.14046 0.31373 -0.36051
0.16085 0.29549 -0.24771
0.13566 0.28780 0.06885
0.17820 0.27943 -0.27144
0.14471 0.27332 0.11608
-0.12065 0.27943 -0.27144
-0.09637 0.29922 -0.38573
-0.08716 0.27332 0.11608
-0.01732 0.34180 0.21661
0.02879 0.37379 0.22295
0.07488 0.34180 0.21661
0.02878 0.32755 -0.45579
0.15393 0.29922 -0.38573
0.00377 0.39796 -0.12023
-0.02147 0.35993 0.01605
-0.02991 0.37990 -0.22364
-0.06779 0.33243 -0.19159
-0.00488 0.39572 -0.28090
-0.05637 0.34819 -0.31260
0.02879 0.39197 0.02978
0.05380 0.39796 -0.12023
0.02879 0.41302 -0.21966
0.07903 0.35993 0.01605
0.12534 0.33243 -0.19159
0.08747 0.37990 -0.22364
0.11393 0.34819 -0.31260
0.06244 0.39572 -0.28090
0.02878 0.37280 -0.36666
0.09180 0.33040 -0.40186
0.04926 0.37047 0.16473
0.00831 0.37047 0.16473
0.02879 0.37439 0.21353
-0.05229 0.31051 0.13266
-0.01611 0.34323 0.20735
0.02878 0.32936 -0.44736
-0.03424 0.33040 -0.40186
-0.09308 0.30177 -0.37915
-0.10283 0.30347 -0.32749
-0.11672 0.28250 -0.26786
-0.09355 0.28566 -0.06608
-0.08411 0.27656 0.10947
0.07367 0.34323 0.20735
0.10984 0.31051 0.13266
0.16038 0.30347 -0.32749
0.15063 0.30177 -0.37915
0.14166 0.27656 0.10947
0.15111 0.28566 -0.06608
0.17427 0.28250 -0.26786
0.16740 0.26981 -0.07759
0.17698 0.28796 -0.35346
0.11027 0.30421 0.19756
-0.10985 0.26981 -0.07759
-0.11942 0.28796 -0.35346
-0.04170 0.31702 -0.43038
-0.05271 0.30421 0.19756
0.00820 0.36545 0.22295
0.04937 0.36545 0.22295
0.09926 0.31702 -0.43038
0.00635 0.38381 0.02978
0.00149 0.40457 -0.21421
-0.06004 0.32090 -0.02513
-0.06949 0.33968 -0.27377
-0.01969 0.36347 -0.34904
0.05122 0.38381 0.02978
0.05608 0.40457 -0.21421
0.11760 0.32090 -0.02513
0.12704 0.33968 -0.27377
0.07725 0.36347 -0.34904
0.09740 0.31910 -0.42262
0.04883 0.36626 0.21353
0.00874 0.36626 0.21353
-0.05057 0.30663 0.18881
-0.03985 0.31910 -0.42262
-0.11552 0.29081 -0.34772
-0.10620 0.27313 -0.07911
0.10813 0.30663 0.18881
0.17308 0.29081 -0.34772
0.16376 0.27313 -0.07911
-0.70475 0.70499 0.07947
-0.63028 0.76923 -0.10505
0.00003 0.99639 0.08490
0.70481 0.70493 0.07947
0.63035 0.76918 -0.10502
-0.00000 0.96910 -0.24668
0.00003 0.99555 0.09427
-0.71476 0.69520 0.07630
-0.00000 0.89226 -0.45153
-0.58759 0.78190 -0.20826
-0.75866 0.64778 0.06946
-0.75208 0.65488 0.07416
0.71485 0.69510 0.07630
0.58762 0.78188 -0.20826
0.75866 0.64778 0.06946
0.75208 0.65488 0.07416
0.65382 0.75329 0.07126
0.67957 0.73225 0.04462
-0.65381 0.75330 0.07126
-0.46496 0.87871 -0.10807
-0.67957 0.73225 0.04462
-0.70707 0.70695 0.01672
0.00003 0.99804 0.06253
0.70715 0.70687 0.01669
-0.00000 0.97779 -0.20957
0.46496 0.87871 -0.10807
-0.49105 0.86726 0.08197
-0.71202 0.69725 0.08283
-0.67545 0.73731 0.01209
-0.76273 0.64236 0.07492
-0.46304 0.86693 -0.18449
-0.62894 0.75868 -0.16981
0.00003 0.99507 0.09913
0.49115 0.86721 0.08198
0.00003 0.99983 -0.01865
0.71210 0.69718 0.08280
0.76274 0.64234 0.07493
0.67551 0.73725 0.01209
0.62898 0.75865 -0.16981
0.46310 0.86689 -0.18449
-0.00000 0.90333 -0.42894
0.41760 0.83315 -0.36260
0.53100 0.84318 0.08420
-0.53088 0.84325 0.08423
0.00003 0.99720 0.07480
-0.75198 0.65496 0.07447
-0.71134 0.70151 0.04334
-0.00000 0.94780 -0.31886
-0.41756 0.83318 -0.36257
-0.51273 0.84356 -0.15977
-0.70432 0.70911 -0.03299
-0.70076 0.71000 0.06955
-0.75518 0.65105 0.07642
-0.71369 0.69803 0.05835
0.71141 0.70143 0.04334
0.75200 0.65495 0.07447
0.70432 0.70911 -0.03299
0.51275 0.84354 -0.15977
0.71369 0.69803 0.05835
0.75518 0.65105 0.07642
0.70077 0.70999 0.06955
0.65653 0.75117 0.06864
0.58842 0.80856 -0.00159
0.71570 0.69818 0.01782
-0.65653 0.75117 0.06864
-0.58840 0.80857 -0.00159
-0.31523 0.93271 -0.17515
-0.71568 0.69820 0.01782
-0.53788 0.84200 0.04145
0.53799 0.84193 0.04141
0.31523 0.93271 -0.17515
-0.51436 0.85279 0.09049
-0.47045 0.88242 -0.00189
-0.75907 0.64612 0.07959
-0.72407 0.68968 -0.00772
-0.44998 0.82835 -0.33370
0.51446 0.85273 0.09049
0.47055 0.88237 -0.00189
0.75907 0.64612 0.07959
0.72409 0.68966 -0.00772
0.45004 0.82832 -0.33370
0.35772 0.89620 -0.26243
0.53758 0.84113 0.05933
-0.53745 0.84121 0.05936
-0.73202 0.67989 0.04352
-0.35769 0.89621 -0.26244
-0.63614 0.77128 -0.02097
-0.70093 0.70960 0.07184
0.73203 0.67988 0.04352
0.63616 0.77127 -0.02097
0.70093 0.70960 0.07184
0.0 0.0
0.0 0.0
0.0 0.0
0.0 0.0
0.0 0.0
0.0 0.0
0.0 0.0
0.0 0.0
0.0 0.0
0.0 0.0
0.0 0.0
0.0 0.0
0.0 0.0
0.0 0.0
0.0 0.0
0.0 0.0
0.0 0.0
0.0 0.0
0.0 0.0
0.0 0.0
0.0 0.0
0.0 0.0
0.0 0.0
0.0 0.0
0.0 0.0
0.0 0.0
0.0 0.0
0.0 0.0
0.0 0.0
0.0 0.0
0.0 0.0
0.0 0.0
0.0 0.0
0.0 0.0
0.0 0.0
0.0 0.0
0.0 0.0
0.0 0.0
0.0 0.0
0.0 0.0
0.0 0.0
0.0 0.0
0.0 0.0
0.0 0.0
0.0 0.0
0.0 0.0
0.0 0.0
0.0 0.0
0.0 0.0
0.0 0.0
0.0 0.0
0.0 0.0
0.0 0.0
0.0 0.0
0.0 0.0
0.0 0.0
0.0 0.0
0.0 0.0
0.0 0.0
0.0 0.0
0.0 0.0
0.0 0.0
0.0 0.0
0.0 0.0
0.0 0.0
0.0 0.0
0.0 0.0
0.0 0.0
0.0 0.0
0.0 0.0
0.0 0.0
0.0 0.0
0.0 0.0
0.0 0.0
0.0 0.0
0.0 0.0
0.0 0.0
0.0 0.0
0.0 0.0
0.0 0.0
0.0 0.0
0.0 0.0
0.0 0.0
0.0 0.0
0.0 0.0
0.0 0.0
0.0 0.0
0.0 0.0
0.0 0.0
0.0 0.0
0.0 0.0
160
71 32 2
71 2 26
71 43 6
71 6 32
71 27 7
71 7 43
0 27 71
0 71 26
72 34 5
72 5 30
72 26 2
72 2 34
0 26 72
0 72 28
72 30 1
72 1 28
0 29 73
0 73 27
73 45 7
73 7 27
73 52 11
73 11 45
73 29 10
73 10 52
74 28 1
74 1 31
0 28 74
0 74 29
74 50 10
74 10 29
74 31 9
74 9 50
75 30 5
75 5 40
75 31 1
75 1 30
75 48 9
75 9 31
75 40 8
75 8 48
76 42 12
76 12 35
76 32 6
76 6 42
76 33 2
76 2 32
76 35 3
76 3 33
77 33 3
77 3 37
77 34 2
77 2 33
77 39 5
77 5 34
77 37 4
77 4 39
78 55 15
78 15 59
78 35 12
78 12 55
78 36 3
78 3 35
78 59 14
78 14 36
79 36 14
79 14 56
79 37 3
79 3 36
79 38 4
79 4 37
79 56 13
79 13 38
80 38 13
80 13 41
80 39 4
80 4 38
80 40 5
80 5 39
80 41 8
80 8 40
81 41 13
81 13 57
81 47 8
81 8 41
81 70 24
81 24 47
81 57 25
81 25 70
82 42 6
82 6 44
82 54 12
82 12 42
82 69 23
82 23 54
82 44 22
82 22 69
83 43 7
83 7 46
83 44 6
83 6 43
83 68 22
83 22 44
83 46 21
83 21 68
84 45 11
84 11 53
84 46 7
84 7 45
84 67 21
84 21 46
84 53 20
84 20 67
85 48 8
85 8 47
85 49 9
85 9 48
85 66 19
85 19 49
85 47 24
85 24 66
86 50 9
86 9 49
86 51 10
86 10 50
86 65 18
86 18 51
86 49 19
86 19 65
87 52 10
87 10 51
87 53 11
87 11 52
87 64 20
87 20 53
87 51 18
87 18 64
88 55 12
88 12 54
88 58 15
88 15 55
88 63 17
88 17 58
88 54 23
88 23 63
89 56 14
89 14 60
89 57 13
89 13 56
89 62 25
89 25 57
89 60 16
89 16 62
90 59 15
90 15 58
90 60 14
90 14 59
90 61 16
90 16 60
90 58 17
90 17 61
