1039
-0.11003 0.12037 -1.36006
-0.13425 0.09085 -1.36006
-0.15225 0.05717 -1.36006
-0.16334 0.02063 -1.36006
-0.16708 -0.01737 -1.36006
-0.16334 -0.05537 -1.36006
-0.15225 -0.09191 -1.36006
-0.13425 -0.12559 -1.36006
-0.11003 -0.15511 -1.36006
-0.08051 -0.17933 -1.36006
-0.04683 -0.19733 -1.36006
-0.01029 -0.20842 -1.36006
0.02771 -0.21216 -1.36006
0.06571 -0.20842 -1.36006
0.10225 -0.19733 -1.36006
0.13593 -0.17933 -1.36006
0.16545 -0.15511 -1.36006
0.18967 -0.12559 -1.36006
0.20767 -0.09191 -1.36006
0.21876 -0.05537 -1.36006
0.22250 -0.01737 -1.36006
0.21876 0.02063 -1.36006
0.20767 0.05717 -1.36006
0.18967 0.09085 -1.36006
0.16545 0.12037 -1.36006
0.13593 0.14459 -1.36006
0.10225 0.16259 -1.36006
0.06571 0.17368 -1.36006
0.02771 0.17742 -1.36006
-0.01029 0.17368 -1.36006
-0.04683 0.16259 -1.36006
-0.08051 0.14459 -1.36006
-0.07359 0.08393 -1.36006
-0.09141 0.06222 -1.36006
-0.10464 0.03745 -1.36006
-0.11280 0.01058 -1.36006
-0.11555 -0.01737 -1.36006
-0.11280 -0.04532 -1.36006
-0.10464 -0.07219 -1.36006
-0.09141 -0.09696 -1.36006
-0.07359 -0.11867 -1.36006
-0.05188 -0.13648 -1.36006
-0.02711 -0.14972 -1.36006
-0.00024 -0.15787 -1.36006
0.02771 -0.16063 -1.36006
0.05566 -0.15787 -1.36006
0.08253 -0.14972 -1.36006
0.10730 -0.13648 -1.36006
0.12901 -0.11867 -1.36006
0.14682 -0.09696 -1.36006
0.16006 -0.07219 -1.36006
0.16821 -0.04532 -1.36006
0.17097 -0.01737 -1.36006
0.16821 0.01058 -1.36006
0.16006 0.03745 -1.36006
0.14682 0.06222 -1.36006
0.12901 0.08393 -1.36006
0.10730 0.10175 -1.36006
0.08253 0.11498 -1.36006
0.05566 0.12314 -1.36006
0.02771 0.12589 -1.36006
-0.00024 0.12314 -1.36006
-0.02711 0.11498 -1.36006
-0.05188 0.10175 -1.36006
-0.03516 0.04550 -1.36006
-0.04622 0.03203 -1.36006
-0.05443 0.01665 -1.36006
-0.05949 -0.00002 -1.36006
-0.06120 -0.01737 -1.36006
-0.05949 -0.03471 -1.36006
-0.05443 -0.05139 -1.36006
-0.04622 -0.06676 -1.36006
-0.03516 -0.08024 -1.36006
-0.02169 -0.09129 -1.36006
-0.00632 -0.09951 -1.36006
0.01036 -0.10457 -1.36006
0.02771 -0.10628 -1.36006
0.04505 -0.10457 -1.36006
0.06173 -0.09951 -1.36006
0.07710 -0.09129 -1.36006
0.09058 -0.08024 -1.36006
0.10163 -0.06676 -1.36006
0.10985 -0.05139 -1.36006
0.11491 -0.03471 -1.36006
0.11662 -0.01737 -1.36006
0.11491 -0.00002 -1.36006
0.10985 0.01665 -1.36006
0.10163 0.03203 -1.36006
0.09058 0.04550 -1.36006
0.07710 0.05656 -1.36006
0.06173 0.06477 -1.36006
0.04505 0.06983 -1.36006
0.02771 0.07154 -1.36006
0.01036 0.06983 -1.36006
-0.00632 0.06477 -1.36006
-0.02169 0.05656 -1.36006
-0.04622 0.03203 -1.55237
-0.03516 0.04550 -1.55237
-0.05443 0.01665 -1.55237
-0.05949 -0.00002 -1.55237
-0.06120 -0.01737 -1.55237
-0.05949 -0.03471 -1.55237
-0.05443 -0.05139 -1.55237
-0.04622 -0.06676 -1.55237
-0.03516 -0.08024 -1.55237
-0.02169 -0.09129 -1.55237
-0.00632 -0.09951 -1.55237
0.01036 -0.10457 -1.55237
0.02771 -0.10628 -1.55237
0.04505 -0.10457 -1.55237
0.06173 -0.09951 -1.55237
0.07710 -0.09129 -1.55237
0.09058 -0.08024 -1.55237
0.10163 -0.06676 -1.55237
0.10985 -0.05139 -1.55237
0.11491 -0.03471 -1.55237
0.11662 -0.01737 -1.55237
0.11491 -0.00002 -1.55237
0.10985 0.01665 -1.55237
0.10163 0.03203 -1.55237
0.09058 0.04550 -1.55237
0.07710 0.05656 -1.55237
0.06173 0.06477 -1.55237
0.04505 0.06983 -1.55237
0.02771 0.07154 -1.55237
0.01036 0.06983 -1.55237
-0.00632 0.06477 -1.55237
-0.02169 0.05656 -1.55237
-0.03516 0.04550 -1.59075
-0.04622 0.03203 -1.59075
-0.05443 0.01665 -1.59075
-0.05949 -0.00002 -1.59075
-0.06120 -0.01737 -1.59075
-0.05949 -0.03471 -1.59075
-0.05443 -0.05139 -1.59075
-0.04622 -0.06676 -1.59075
-0.03516 -0.08024 -1.59075
-0.02169 -0.09129 -1.59075
-0.00632 -0.09951 -1.59075
0.01036 -0.10457 -1.59075
0.02771 -0.10628 -1.59075
0.04505 -0.10457 -1.59075
0.06173 -0.09951 -1.59075
0.07710 -0.09129 -1.59075
0.09058 -0.08024 -1.59075
0.10163 -0.06676 -1.59075
0.10985 -0.05139 -1.59075
0.11491 -0.03471 -1.59075
0.11662 -0.01737 -1.59075
0.11491 -0.00002 -1.59075
0.10985 0.01665 -1.59075
0.10163 0.03203 -1.59075
0.09058 0.04550 -1.59075
0.07710 0.05656 -1.59075
0.06173 0.06477 -1.59075
0.04505 0.06983 -1.59075
0.02771 0.07154 -1.59075
0.01036 0.06983 -1.59075
-0.00632 0.06477 -1.59075
-0.02169 0.05656 -1.59075
-0.01645 0.02679 -1.65471
-0.02422 0.01733 -1.65471
-0.02999 0.00653 -1.65471
-0.03354 -0.00518 -1.65471
-0.03474 -0.01737 -1.65471
-0.03354 -0.02955 -1.65471
-0.02999 -0.04127 -1.65471
-0.02422 -0.05207 -1.65471
-0.01645 -0.06153 -1.65471
-0.00699 -0.06930 -1.65471
0.00381 -0.07507 -1.65471
0.01552 -0.07862 -1.65471
0.02771 -0.07982 -1.65471
0.03989 -0.07862 -1.65471
0.05161 -0.07507 -1.65471
0.06241 -0.06930 -1.65471
0.07187 -0.06153 -1.65471
0.07964 -0.05207 -1.65471
0.08541 -0.04127 -1.65471
0.08896 -0.02955 -1.65471
0.09016 -0.01737 -1.65471
0.08896 -0.00518 -1.65471
0.08541 0.00653 -1.65471
0.07964 0.01733 -1.65471
0.07187 0.02679 -1.65471
0.06241 0.03456 -1.65471
0.05161 0.04033 -1.65471
0.03989 0.04388 -1.65471
0.02771 0.04508 -1.65471
0.01552 0.04388 -1.65471
0.00381 0.04033 -1.65471
-0.00699 0.03456 -1.65471
0.00799 0.00235 -1.70162
0.00452 -0.00188 -1.70162
0.00195 -0.00670 -1.70162
0.00036 -0.01193 -1.70162
-0.00018 -0.01737 -1.70162
0.00036 -0.02281 -1.70162
0.00195 -0.02804 -1.70162
0.00452 -0.03286 -1.70162
0.00799 -0.03709 -1.70162
0.01222 -0.04055 -1.70162
0.01704 -0.04313 -1.70162
0.02227 -0.04472 -1.70162
0.02771 -0.04525 -1.70162
0.03315 -0.04472 -1.70162
0.03838 -0.04313 -1.70162
0.04320 -0.04055 -1.70162
0.04743 -0.03709 -1.70162
0.05089 -0.03286 -1.70162
0.05347 -0.02804 -1.70162
0.05506 -0.02281 -1.70162
0.05559 -0.01737 -1.70162
0.05506 -0.01193 -1.70162
0.05347 -0.00670 -1.70162
0.05089 -0.00188 -1.70162
0.04743 0.00235 -1.70162
0.04320 0.00582 -1.70162
0.03838 0.00839 -1.70162
0.03315 0.00998 -1.70162
0.02771 0.01051 -1.70162
0.02227 0.00998 -1.70162
0.01704 0.00839 -1.70162
0.01222 0.00582 -1.70162
0.02771 -0.01737 -1.70162
0.16595 -0.31096 -1.14443
0.16088 0.24644 -1.15006
0.15334 0.22916 -1.28821
0.15334 -0.28868 -1.28821
0.14072 -0.25975 -1.34889
0.14072 0.20023 -1.34889
0.12722 0.16928 -1.41510
0.12722 -0.22880 -1.41510
0.10358 -0.21930 0.59739
0.07593 0.18777 1.10467
0.07597 -0.14824 1.10467
0.11361 -0.19759 -1.44452
0.11361 0.13807 -1.44452
0.12406 0.15599 -1.37590
0.12406 -0.21634 -1.37590
0.16070 -0.30446 -0.71393
0.13721 -0.27833 -0.07650
0.31911 -0.17328 -1.14443
0.31403 0.07021 -1.15006
0.31674 -0.12666 -1.28821
0.31674 0.09676 -1.28821
0.29658 -0.11404 -1.34889
0.29658 0.08415 -1.34889
0.26482 -0.10054 -1.41510
0.26482 0.07065 -1.41510
0.18203 0.06609 0.59739
0.18203 -0.12387 0.59739
0.12674 0.10507 1.10467
0.12674 -0.04509 1.10467
0.23279 -0.08693 -1.44452
0.23279 0.05704 -1.44452
0.25201 -0.09730 -1.37590
0.25201 0.06657 -1.37590
0.15612 0.09145 -1.30727
0.15612 -0.12496 -1.30727
0.28754 0.03506 -0.71956
0.24565 0.02736 -0.07650
0.27263 -0.15745 -0.18438
0.32044 -0.14350 -0.73846
0.24426 -0.20290 0.10735
0.33939 -0.21142 -1.00082
0.27312 -0.24730 -0.18438
0.32044 -0.26976 -0.73846
0.91711 -0.19063 -0.70931
0.87971 -0.17328 -0.30556
0.93169 -0.14574 -0.89045
0.85605 -0.15256 -0.08293
0.91711 -0.09348 -0.70931
0.87887 -0.11765 -0.30556
1.81863 -0.01807 -0.33004
1.84539 0.00244 -0.64075
1.80351 -0.04668 -0.15604
1.85640 -0.03700 -0.77746
1.81926 -0.06005 -0.33004
1.84539 -0.07087 -0.64075
2.17942 0.00333 -0.34122
2.20483 0.00956 -0.62585
0.08780 -0.01514 1.53772
0.05696 -0.09233 1.53772
0.04107 -0.00661 1.91736
0.05735 0.12113 1.91736
0.05735 0.04002 1.91736
0.03832 0.07800 2.02413
0.03832 0.13422 2.02413
0.03308 0.64814 1.90632
0.03803 0.67532 1.76683
0.03459 0.20411 2.01725
0.03198 0.44287 1.97796
0.04582 0.20347 1.91639
0.03783 0.44226 1.91087
0.06728 0.21393 1.58545
0.04835 0.46496 1.70000
0.05601 0.23825 1.35538
0.04250 0.50060 1.55623
0.21374 0.22270 -0.07404
0.23743 0.24043 -0.55067
0.07885 0.23473 0.84339
0.13373 0.27548 -0.74846
0.16007 0.21192 0.52341
0.10440 0.28900 0.39177
0.05944 0.30069 0.58773
0.04789 0.34799 0.34669
0.81669 0.12265 1.61181
0.12705 0.16067 1.54198
0.10875 0.11398 1.78708
0.13237 0.05408 1.54198
0.15067 0.10076 1.29688
0.39958 0.15408 1.56968
0.72211 0.14194 1.60246
0.38128 0.11913 1.76192
0.70381 0.12340 1.75961
0.40489 0.07428 1.56968
0.72742 0.09960 1.60246
0.42319 0.10923 1.37744
0.74572 0.11815 1.44532
-0.10840 -0.31096 -1.14443
-0.10332 0.24644 -1.15006
-0.09579 0.22916 -1.28821
-0.09579 -0.28868 -1.28821
-0.08317 -0.25975 -1.34889
-0.08317 0.20023 -1.34889
-0.06967 0.16928 -1.41510
-0.06967 -0.22880 -1.41510
-0.04597 -0.21930 0.59739
-0.01833 0.18777 1.10467
-0.01837 -0.14824 1.10467
-0.05606 -0.19759 -1.44452
-0.05606 0.13807 -1.44452
-0.06651 0.15599 -1.37590
-0.06651 -0.21634 -1.37590
-0.10314 -0.30446 -0.71393
-0.07966 -0.27833 -0.07650
-0.26156 -0.17328 -1.14443
-0.25648 0.07021 -1.15006
-0.25918 -0.12666 -1.28821
-0.25918 0.09676 -1.28821
-0.23903 -0.11404 -1.34889
-0.23903 0.08415 -1.34889
-0.20727 -0.10054 -1.41510
-0.20727 0.07065 -1.41510
-0.12448 0.06609 0.59739
-0.12448 -0.12387 0.59739
-0.06919 0.10507 1.10467
-0.06919 -0.04509 1.10467
-0.17523 -0.08693 -1.44452
-0.17523 0.05704 -1.44452
-0.19446 -0.09730 -1.37590
-0.19446 0.06657 -1.37590
-0.09856 0.09145 -1.30727
-0.09856 -0.12496 -1.30727
-0.22999 0.03506 -0.71956
-0.18809 0.02735 -0.07650
-0.21508 -0.15745 -0.18438
-0.26289 -0.14350 -0.73846
-0.18671 -0.20290 0.10735
-0.28184 -0.21142 -1.00082
-0.21557 -0.24730 -0.18438
-0.26289 -0.26976 -0.73846
-0.85956 -0.19063 -0.70931
-0.82216 -0.17328 -0.30556
-0.87414 -0.14574 -0.89045
-0.79850 -0.15256 -0.08293
-0.85956 -0.09348 -0.70931
-0.82132 -0.11765 -0.30556
-1.76108 -0.01807 -0.33004
-1.78784 0.00244 -0.64075
-1.74595 -0.04668 -0.15604
-1.79885 -0.03700 -0.77746
-1.76171 -0.06005 -0.33004
-1.78784 -0.07087 -0.64075
-2.12187 0.00333 -0.34122
-2.14727 0.00956 -0.62585
-0.03025 -0.01514 1.53772
0.00059 -0.09233 1.53772
0.01648 -0.00661 1.91736
0.00020 0.12113 1.91736
0.00020 0.04002 1.91736
0.01923 0.07800 2.02413
0.01923 0.13422 2.02413
0.02447 0.64814 1.90632
0.01952 0.67532 1.76683
0.02296 0.20411 2.01725
0.02557 0.44287 1.97796
0.01173 0.20347 1.91639
0.01972 0.44226 1.91087
-0.00972 0.21393 1.58545
0.00920 0.46496 1.70000
0.00154 0.23825 1.35538
0.01506 0.50060 1.55623
-0.15619 0.22270 -0.07404
-0.17988 0.24043 -0.55067
-0.02121 0.23473 0.84339
-0.07618 0.27548 -0.74846
-0.10252 0.21192 0.52341
-0.04684 0.28900 0.39177
-0.00182 0.30069 0.58773
0.00969 0.34798 0.34669
-0.75913 0.12265 1.61181
-0.06950 0.16067 1.54198
-0.05120 0.11398 1.78708
-0.07482 0.05408 1.54198
-0.09312 0.10076 1.29688
-0.34202 0.15408 1.56968
-0.66455 0.14194 1.60246
-0.32372 0.11913 1.76192
-0.64626 0.12340 1.75961
-0.34734 0.07428 1.56968
-0.66987 0.09960 1.60246
-0.36564 0.10923 1.37744
-0.68817 0.11815 1.44532
0.10256 0.31160 -0.44421
0.05033 0.36231 0.23976
0.00723 0.36231 0.23976
-0.05654 0.29819 0.21317
-0.04501 0.31160 -0.44421
-0.12637 0.28118 -0.36369
-0.11635 0.26218 -0.07489
0.11409 0.29819 0.21317
0.18393 0.28118 -0.36369
0.17391 0.26218 -0.07489
0.27283 -0.25928 -1.14513
0.26521 0.18443 -1.15357
0.25647 0.17921 -1.28916
0.25647 -0.22952 -1.28916
0.23566 -0.20652 -1.34873
0.23566 0.15621 -1.34873
0.21085 0.13160 -1.41370
0.21085 -0.18191 -1.41370
0.16057 -0.18509 0.59739
0.17469 0.16016 0.57889
0.11223 -0.11534 1.10467
0.11222 0.15637 1.10467
0.18582 -0.15709 -1.44258
0.18582 0.10678 -1.44258
0.20369 0.12318 -1.37493
0.20369 -0.17474 -1.37493
0.06737 0.19125 1.24744
0.06765 -0.12093 1.29303
0.26659 -0.28155 -0.72006
0.22541 -0.25753 -0.10347
0.27247 0.17308 -0.68015
0.23767 0.15901 -0.07588
0.32143 -0.14208 -1.24031
0.32016 0.09389 -1.24172
0.32127 -0.20236 -1.04860
0.30196 0.04438 -0.98532
0.30760 0.08984 -1.31533
0.30760 -0.11974 -1.31533
0.28266 -0.10813 -1.38383
0.28266 0.07823 -1.38383
0.24691 0.06304 -1.43717
0.24691 -0.09293 -1.43717
0.21659 0.03371 0.25537
0.21624 -0.17600 0.30133
0.14955 -0.07180 0.89775
0.14955 0.09853 0.89775
0.12373 0.10080 1.23282
0.10801 -0.03059 1.29303
0.23148 -0.08693 -1.42737
0.23148 0.05682 -1.42737
0.24376 0.08016 -1.32443
0.24376 -0.11200 -1.32443
0.26927 0.03261 -0.40066
0.32583 -0.06083 -1.14514
0.33615 -0.00844 -1.28725
0.31854 -0.00844 -1.34906
0.28439 -0.00844 -1.41649
0.18388 -0.03901 0.59739
0.12855 0.03691 1.10467
0.24996 -0.00844 -1.44646
0.26835 -0.00865 -1.37687
0.16433 -0.00983 -1.30727
0.29830 -0.09626 -0.72147
0.25239 -0.10167 -0.10347
0.29901 -0.14699 -0.46876
0.43768 -0.15707 -0.26861
0.25111 -0.17578 0.03442
0.33465 -0.16048 -0.93523
0.48352 -0.13360 -0.74344
0.40967 -0.19746 -0.01170
0.25173 -0.22976 0.03442
0.33465 -0.25997 -0.93523
0.50052 -0.19453 -0.96135
0.43851 -0.22632 -0.26861
0.29914 -0.25935 -0.46876
0.48352 -0.24686 -0.74344
0.90047 -0.18260 -0.51781
1.43361 -0.12424 -0.66534
0.92805 -0.18309 -0.84516
0.86239 -0.16311 -0.13859
1.40415 -0.11043 -0.31833
1.44597 -0.08619 -0.81889
0.92805 -0.10655 -0.84516
0.86134 -0.13846 -0.13859
1.38635 -0.09378 -0.12487
1.43361 -0.04189 -0.66534
0.90026 -0.09952 -0.51781
1.40344 -0.06328 -0.31833
1.83320 -0.00268 -0.49471
2.08908 0.00760 -0.33842
1.80697 -0.03548 -0.19954
1.85365 -0.00742 -0.74328
2.11497 0.02457 -0.62957
2.07778 -0.01356 -0.21523
1.80776 -0.05408 -0.19954
1.85365 -0.06519 -0.74328
2.12276 -0.00335 -0.72637
2.08953 -0.02213 -0.33842
1.83336 -0.06539 -0.49471
2.11497 -0.02734 -0.62957
2.19343 0.00928 -0.49207
0.07876 -0.06801 1.53772
0.06971 0.00661 1.76906
0.10027 0.03573 1.53879
0.07495 0.11472 1.83140
0.09115 0.17294 1.55072
0.02878 -0.09736 1.53772
0.04704 -0.05628 1.76906
0.05247 0.16199 1.91711
0.03676 0.16575 2.02241
0.02878 -0.00964 1.91736
0.03838 0.04279 1.99743
0.05129 0.00809 1.91736
0.05935 0.08057 1.91736
0.04785 0.12902 1.99743
0.04785 0.06913 1.99743
0.02878 0.07736 2.02413
0.03895 0.10611 2.02413
0.02878 0.13615 2.02413
0.03218 0.59267 1.94385
0.03642 0.59224 1.90746
0.04524 0.61539 1.75012
0.04100 0.64109 1.66405
0.03494 0.65908 1.85183
0.02878 0.65257 1.90632
0.02878 0.68266 1.76683
0.02878 0.20729 2.01725
0.02878 0.44583 1.97796
0.04031 0.20078 1.99204
0.03504 0.43975 1.96119
0.05389 0.20894 1.78322
0.04179 0.45060 1.82461
0.07248 0.22238 1.41289
0.05082 0.48256 1.59217
0.02870 0.25781 1.35538
0.02878 0.50974 1.55623
0.03270 0.28469 2.00399
0.04005 0.28406 1.91453
0.05361 0.30436 1.63795
0.04625 0.33821 1.45084
0.18911 0.21387 0.22596
0.18783 0.24741 -0.07302
0.23088 0.23326 -0.34384
0.20154 0.26662 -0.41667
0.21214 0.25192 -0.68780
0.12415 0.21837 0.75149
0.13702 0.24650 0.45351
0.08598 0.29124 0.52054
0.07156 0.32698 0.35168
0.11400 0.29198 0.26734
0.79171 0.13539 1.60947
0.77799 0.12382 1.72233
0.79570 0.10898 1.60947
0.80942 0.12055 1.49661
0.14484 0.14126 1.35816
0.11059 0.15343 1.72581
0.11739 0.07123 1.72581
0.14602 0.06358 1.35816
0.21614 0.16007 1.55104
0.19784 0.11632 1.76904
0.22145 0.06018 1.55104
0.23975 0.10393 1.33303
0.73990 0.13423 1.48460
0.41736 0.13955 1.42550
0.70565 0.13907 1.72032
0.38312 0.14866 1.71386
0.71245 0.10642 1.72032
0.38991 0.08712 1.71386
0.74107 0.10338 1.48460
0.41854 0.08139 1.42550
0.59551 0.14671 1.58960
0.57721 0.12172 1.76052
0.60083 0.08966 1.58960
0.61913 0.11465 1.41867
-0.21528 -0.25928 -1.14513
-0.20766 0.18443 -1.15357
-0.19892 0.17921 -1.28916
-0.19892 -0.22952 -1.28916
-0.17811 -0.20652 -1.34873
-0.17811 0.15621 -1.34873
-0.15329 0.13160 -1.41370
-0.15329 -0.18191 -1.41370
-0.10300 -0.18509 0.59739
-0.11714 0.16016 0.57889
-0.05467 -0.11534 1.10467
-0.05466 0.15637 1.10467
-0.12827 -0.15709 -1.44258
-0.12827 0.10678 -1.44258
-0.14613 0.12318 -1.37493
-0.14613 -0.17474 -1.37493
-0.10271 -0.30289 -1.24031
-0.10963 -0.31184 -0.97688
-0.10144 0.24212 -1.24172
-0.09654 0.25370 -0.99254
-0.08887 0.21329 -1.31533
-0.08887 -0.27281 -1.31533
-0.07725 -0.24619 -1.38383
-0.07725 0.18667 -1.38383
-0.06206 0.15182 -1.43717
-0.06206 -0.21135 -1.43717
-0.06466 -0.25625 0.25537
-0.02881 -0.17934 0.89775
-0.02260 0.20865 0.95925
-0.00980 0.19125 1.24744
-0.05607 -0.19632 -1.42737
-0.05607 0.13659 -1.42737
-0.08234 0.15477 -1.32443
-0.08234 -0.20883 -1.32443
0.02878 -0.32822 -1.14374
0.02878 0.26439 -1.14655
0.02878 0.24601 -1.28725
0.02878 -0.30733 -1.28725
0.02878 -0.27656 -1.34906
0.02878 0.21523 -1.34906
0.02878 0.18230 -1.41649
0.02878 -0.24363 -1.41649
0.02881 -0.22965 0.59739
0.02890 0.20923 1.10467
0.02878 -0.21042 -1.44646
0.02878 0.14910 -1.44646
0.02878 0.16644 -1.37687
0.02878 -0.22819 -1.37687
-0.20904 -0.28155 -0.72006
-0.16785 -0.25753 -0.10347
-0.21492 0.17308 -0.68015
-0.18012 0.15901 -0.07588
0.02878 -0.31869 -0.71393
0.02878 -0.29137 -0.07650
-0.09211 -0.29218 -0.39925
-0.26388 -0.14208 -1.24031
-0.26261 0.09389 -1.24172
-0.26371 -0.20236 -1.04860
-0.24441 0.04438 -0.98532
-0.25005 0.08984 -1.31533
-0.25005 -0.11974 -1.31533
-0.22511 -0.10813 -1.38383
-0.22511 0.07823 -1.38383
-0.18935 0.06304 -1.43717
-0.18935 -0.09293 -1.43717
-0.15904 0.03371 0.25537
-0.15869 -0.17600 0.30133
-0.09200 -0.07180 0.89775
-0.09200 0.09853 0.89775
-0.06618 0.10080 1.23282
-0.05046 -0.03059 1.29303
-0.17393 -0.08693 -1.42737
-0.17393 0.05682 -1.42737
-0.18621 0.08016 -1.32443
-0.18621 -0.11200 -1.32443
-0.21172 0.03261 -0.40066
-0.26828 -0.06083 -1.14514
-0.27860 -0.00844 -1.28725
-0.26099 -0.00844 -1.34906
-0.22684 -0.00844 -1.41649
-0.12633 -0.03901 0.59739
-0.07100 0.03691 1.10467
-0.19241 -0.00844 -1.44646
-0.21079 -0.00865 -1.37687
-0.24075 -0.09626 -0.72147
-0.19484 -0.10167 -0.10347
-0.24146 -0.14699 -0.46876
-0.38013 -0.15707 -0.26861
-0.19355 -0.17578 0.03442
-0.27710 -0.16048 -0.93523
-0.42596 -0.13360 -0.74344
-0.35212 -0.19746 -0.01170
-0.19417 -0.22976 0.03442
-0.27710 -0.25997 -0.93523
-0.44296 -0.19453 -0.96135
-0.38096 -0.22632 -0.26861
-0.24158 -0.25935 -0.46876
-0.42596 -0.24686 -0.74344
-0.84292 -0.18260 -0.51781
-1.37605 -0.12424 -0.66534
-0.87049 -0.18309 -0.84516
-0.80483 -0.16311 -0.13859
-1.34660 -0.11043 -0.31833
-1.38841 -0.08619 -0.81889
-0.87049 -0.10655 -0.84516
-0.80378 -0.13846 -0.13859
-1.32879 -0.09378 -0.12487
-1.37605 -0.04189 -0.66534
-0.84271 -0.09953 -0.51781
-1.34589 -0.06328 -0.31833
-1.77565 -0.00268 -0.49471
-2.03153 0.00760 -0.33842
-1.74942 -0.03548 -0.19954
-1.79609 -0.00742 -0.74328
-2.05742 0.02457 -0.62957
-2.02023 -0.01356 -0.21523
-1.75021 -0.05408 -0.19954
-1.79609 -0.06519 -0.74328
-2.06521 -0.00335 -0.72637
-2.03197 -0.02213 -0.33842
-1.77581 -0.06539 -0.49471
-2.05742 -0.02734 -0.62957
-2.13588 0.00928 -0.49207
-0.02121 -0.06801 1.53772
-0.01216 0.00661 1.76906
-0.04272 0.03573 1.53879
-0.01740 0.11472 1.83140
-0.03360 0.17294 1.55072
0.00508 0.16199 1.91711
0.00627 0.00809 1.91736
-0.00180 0.08057 1.91736
0.00970 0.12902 1.99743
0.00970 0.06913 1.99743
0.02113 0.59224 1.90746
0.01231 0.61539 1.75012
0.01725 0.20078 1.99204
0.02251 0.43975 1.96119
0.00366 0.20894 1.78322
0.01577 0.45060 1.82461
-0.01493 0.22238 1.41289
0.00673 0.48256 1.59217
0.01750 0.28406 1.91453
0.00394 0.30436 1.63795
-0.13155 0.21387 0.22596
-0.13027 0.24741 -0.07302
-0.17333 0.23326 -0.34384
-0.14399 0.26662 -0.41667
-0.15458 0.25192 -0.68780
0.02885 0.24539 0.85530
-0.01424 0.26556 0.72894
-0.06657 0.21837 0.75149
0.02878 0.29027 -0.75967
-0.05481 0.29903 -0.52871
-0.07947 0.24649 0.45351
-0.02841 0.29124 0.52054
-0.01400 0.32698 0.35168
-0.05644 0.29198 0.26734
0.02883 0.30722 0.60592
0.00863 0.33116 0.45017
0.02880 0.35424 0.35298
0.00726 0.35657 0.27674
-0.73416 0.13539 1.60947
-0.72044 0.12382 1.72233
-0.73815 0.10898 1.60947
-0.75187 0.12055 1.49661
-0.08729 0.14126 1.35816
-0.05304 0.15343 1.72581
-0.05984 0.07123 1.72581
-0.08846 0.06358 1.35816
-0.15859 0.16007 1.55104
-0.14029 0.11632 1.76904
-0.16390 0.06018 1.55104
-0.18220 0.10393 1.33303
-0.68234 0.13423 1.48460
-0.35981 0.13955 1.42550
-0.64810 0.13907 1.72032
-0.32556 0.14866 1.71386
-0.65489 0.10642 1.72032
-0.33236 0.08712 1.71386
-0.68352 0.10338 1.48460
-0.36099 0.08139 1.42550
-0.53796 0.14671 1.58960
-0.51966 0.12172 1.76052
-0.54328 0.08966 1.58960
-0.56158 0.11465 1.41867
0.05031 0.35657 0.27674
0.04897 0.33116 0.45017
0.11237 0.29903 -0.52871
0.07188 0.26556 0.72894
0.02878 -0.13101 -1.30727
0.02878 0.09653 -1.30727
0.14966 -0.29218 -0.39925
0.02881 -0.15535 1.10467
0.02875 0.20923 1.10467
0.13989 -0.20883 -1.32443
0.13989 0.15477 -1.32443
0.11363 0.13659 -1.42737
0.11363 -0.19632 -1.42737
0.08024 0.20865 0.95925
0.08643 -0.17934 0.89775
0.12223 -0.25625 0.25537
0.11961 -0.21135 -1.43717
0.11961 0.15182 -1.43717
0.13481 0.18667 -1.38383
0.13481 -0.24619 -1.38383
0.14642 -0.27281 -1.31533
0.14642 0.21329 -1.31533
0.15409 0.25370 -0.99254
0.15899 0.24212 -1.24172
0.16718 -0.31184 -0.97688
0.16026 -0.30289 -1.24031
0.02261 0.65908 1.85183
0.02537 0.59267 1.94385
0.02485 0.28469 2.00399
0.02079 0.16575 2.02241
0.01861 0.10611 2.02413
0.01918 0.04279 1.99743
0.01051 -0.05628 1.76906
-0.01009 -0.12093 1.29303
0.01130 0.33821 1.45084
0.02885 0.25781 1.35538
0.01655 0.64109 1.66405
-0.10677 -0.00983 -1.30727
0.02878 0.32263 -0.47082
0.09926 0.31702 -0.43038
0.15979 0.29297 -0.39748
0.07704 0.33754 0.23311
0.04937 0.36545 0.22295
0.02879 0.37104 0.23976
0.00820 0.36545 0.22295
-0.01949 0.33754 0.23311
-0.05271 0.30421 0.19756
-0.09260 0.26586 0.12787
-0.10224 0.29297 -0.39748
-0.04170 0.31702 -0.43038
-0.12766 0.27225 -0.27782
-0.11942 0.28796 -0.35346
-0.10985 0.26981 -0.07759
0.15015 0.26586 0.12787
0.11027 0.30421 0.19756
0.17698 0.28796 -0.35346
0.18521 0.27225 -0.27782
0.16740 0.26981 -0.07759
0.29109 -0.27419 -0.99229
0.26629 -0.24383 -1.24142
0.26478 0.19471 -0.96598
0.26439 0.18739 -1.24353
0.24553 0.16659 -1.31579
0.24553 -0.21690 -1.31578
0.22479 -0.19574 -1.38302
0.22479 0.14543 -1.38302
0.19685 0.11772 -1.43536
0.19685 -0.16803 -1.43536
0.20926 0.15361 0.24802
0.20632 -0.22945 0.23208
0.13100 -0.14393 0.89775
0.13252 0.17568 0.89758
0.10566 0.15634 1.28904
0.09718 -0.09236 1.29303
0.18552 -0.15677 -1.42567
0.18552 0.10615 -1.42567
0.20191 0.12427 -1.33734
0.20191 -0.17152 -1.33734
0.02868 0.21141 1.24744
0.02879 -0.12691 1.29303
0.24747 -0.27030 -0.41663
0.25904 0.16822 -0.38716
0.33595 -0.02154 -1.23955
0.31522 -0.11449 -0.99342
0.32937 -0.00844 -1.31488
0.30358 -0.00844 -1.38465
0.26514 -0.00844 -1.43897
0.22191 -0.11309 0.23208
0.15232 0.01602 0.89775
0.11552 0.04410 1.28690
0.24799 -0.00850 -1.42906
0.25811 -0.00905 -1.32467
0.02878 -0.01032 -1.30727
0.27734 -0.09774 -0.41698
0.46356 -0.13947 -0.51577
0.41626 -0.17891 -0.07593
0.49627 -0.14883 -0.90687
0.41730 -0.21313 -0.07593
0.49627 -0.23807 -0.90687
0.46377 -0.23743 -0.51577
1.44288 -0.11785 -0.78050
1.42006 -0.11766 -0.50181
1.39115 -0.10249 -0.17324
1.44288 -0.05296 -0.78050
1.39027 -0.08160 -0.17324
1.41989 -0.04723 -0.50181
2.10334 0.02065 -0.49273
2.01042 -0.01159 -0.24283
2.05099 0.00891 -0.70587
2.01090 -0.02841 -0.24283
2.05099 -0.03169 -0.70587
2.10345 -0.02375 -0.49273
0.07865 0.05939 1.78136
0.02878 -0.06038 1.76906
0.06184 -0.03646 1.76906
0.06959 0.16438 1.78363
0.04468 0.16193 1.99609
0.04592 0.04096 1.97667
0.02878 0.16863 2.02241
0.02878 0.04092 1.99743
0.04913 0.09908 1.99743
0.02878 0.10676 2.02413
0.02878 0.59592 1.94385
0.03463 0.55171 1.93942
0.03974 0.60098 1.84502
0.04660 0.59058 1.66692
0.02878 0.64951 1.66405
0.02878 0.66506 1.85183
0.02878 0.28780 2.00399
0.03651 0.28143 1.98163
0.04515 0.29193 1.80065
0.05684 0.32018 1.49762
0.02878 0.29208 1.40063
0.15916 0.24761 0.20276
0.20090 0.25789 -0.29822
0.17646 0.27866 -0.47722
0.10967 0.25162 0.64064
0.06826 0.31776 0.44037
0.07699 0.33207 0.27282
0.78662 0.13088 1.52257
0.76209 0.13390 1.69273
0.76629 0.11236 1.69273
0.78833 0.11013 1.52257
0.23393 0.14187 1.38753
0.19968 0.15329 1.71454
0.20648 0.07625 1.71454
0.23510 0.06908 1.38753
0.61330 0.13632 1.46140
0.57905 0.14284 1.71779
0.58585 0.09884 1.71779
0.61448 0.09475 1.46140
-0.23354 -0.27419 -0.99229
-0.20874 -0.24383 -1.24142
-0.20723 0.19471 -0.96598
-0.20684 0.18739 -1.24353
-0.18798 0.16659 -1.31579
-0.18798 -0.21690 -1.31578
-0.16724 -0.19574 -1.38302
-0.16723 0.14543 -1.38302
-0.13930 0.11772 -1.43536
-0.13930 -0.16803 -1.43536
-0.15170 0.15361 0.24802
-0.14876 -0.22945 0.23208
-0.07343 -0.14393 0.89775
-0.07495 0.17568 0.89758
-0.04811 0.15634 1.28904
-0.03962 -0.09236 1.29303
-0.12796 -0.15677 -1.42567
-0.12796 0.10615 -1.42567
-0.14435 0.12427 -1.33734
-0.14435 -0.17152 -1.33734
0.02878 -0.32175 -1.23920
0.02878 -0.32709 -0.97670
0.02878 0.25979 -1.23990
0.02878 0.27086 -0.99165
0.02878 0.22912 -1.31488
0.02878 -0.29045 -1.31488
0.02878 -0.26213 -1.38465
0.02878 0.20080 -1.38465
0.02878 0.16373 -1.43897
0.02878 -0.22506 -1.43897
0.02879 -0.26829 0.25537
0.02883 -0.18787 0.89775
0.02885 0.21920 1.02457
0.02890 0.21141 1.24744
0.02878 -0.20853 -1.42906
0.02878 0.14710 -1.42906
0.02878 0.16397 -1.32467
0.02878 -0.21911 -1.32467
-0.18992 -0.27030 -0.41663
-0.20149 0.16822 -0.38716
0.02878 -0.30585 -0.39925
-0.27840 -0.02154 -1.23955
-0.25766 -0.11449 -0.99342
-0.27182 -0.00844 -1.31488
-0.24602 -0.00844 -1.38465
-0.20758 -0.00844 -1.43897
-0.16435 -0.11309 0.23208
-0.09477 0.01602 0.89775
-0.05797 0.04410 1.28690
-0.19043 -0.00850 -1.42906
-0.20055 -0.00905 -1.32467
-0.21979 -0.09774 -0.41698
-0.40601 -0.13947 -0.51577
-0.35871 -0.17891 -0.07593
-0.43871 -0.14883 -0.90687
-0.35974 -0.21313 -0.07593
-0.43871 -0.23807 -0.90687
-0.40621 -0.23743 -0.51577
-1.38532 -0.11785 -0.78050
-1.36251 -0.11766 -0.50181
-1.33360 -0.10249 -0.17324
-1.38532 -0.05296 -0.78050
-1.33271 -0.08160 -0.17324
-1.36233 -0.04723 -0.50181
-2.04579 0.02065 -0.49273
-1.95286 -0.01159 -0.24283
-1.99343 0.00891 -0.70587
-1.95335 -0.02841 -0.24283
-1.99343 -0.03169 -0.70587
-2.04590 -0.02375 -0.49273
-0.02109 0.05939 1.78136
-0.00429 -0.03646 1.76906
-0.01204 0.16438 1.78363
0.01287 0.16193 1.99609
0.01163 0.04096 1.97667
0.00842 0.09907 1.99743
0.02292 0.55171 1.93942
0.01782 0.60098 1.84502
0.01096 0.59058 1.66692
0.02105 0.28143 1.98163
0.01240 0.29193 1.80065
0.00071 0.32018 1.49762
-0.10160 0.24761 0.20276
-0.14335 0.25789 -0.29822
-0.11890 0.27866 -0.47722
0.02884 0.27473 0.74837
-0.05210 0.25162 0.64064
0.02878 0.31130 -0.55220
-0.01068 0.31776 0.44037
-0.01943 0.33207 0.27282
0.02881 0.33600 0.46258
0.02879 0.36492 0.27831
-0.72907 0.13088 1.52257
-0.70454 0.13390 1.69273
-0.70874 0.11236 1.69273
-0.73077 0.11013 1.52257
-0.17637 0.14187 1.38753
-0.14213 0.15329 1.71454
-0.14893 0.07625 1.71454
-0.17755 0.06908 1.38753
-0.55575 0.13632 1.46140
-0.52150 0.14284 1.71779
-0.52830 0.09884 1.71779
-0.55692 0.09475 1.46140
0.15393 0.29922 -0.38573
0.02878 0.32755 -0.45579
0.07488 0.34180 0.21661
0.02879 0.37379 0.22295
-0.01732 0.34180 0.21661
-0.08716 0.27332 0.11608
-0.09637 0.29922 -0.38573
-0.12065 0.27943 -0.27144
0.14471 0.27332 0.11608
0.17820 0.27943 -0.27144
-0.00000 0.00000 -1.00000
-0.00000 0.00000 -1.00000
-0.00000 0.00000 -1.00000
-0.00000 0.00000 -1.00000
-0.00000 0.00000 -1.00000
-0.00000 0.00000 -1.00000
-0.00000 0.00000 -1.00000
-0.00000 0.00000 -1.00000
-0.00000 0.00000 -1.00000
-0.00000 0.00000 -1.00000
-0.00000 0.00000 -1.00000
-0.00000 0.00000 -1.00000
-0.00000 0.00000 -1.00000
-0.00000 0.00000 -1.00000
-0.00000 0.00000 -1.00000
-0.00000 0.00000 -1.00000
-0.00000 0.00000 -1.00000
-0.00000 0.00000 -1.00000
-0.00000 0.00000 -1.00000
-0.00000 0.00000 -1.00000
-0.00000 0.00000 -1.00000
-0.00000 0.00000 -1.00000
-0.00000 0.00000 -1.00000
-0.00000 0.00000 -1.00000
-0.00000 0.00000 -1.00000
-0.00000 0.00000 -1.00000
-0.00000 0.00000 -1.00000
-0.00000 0.00000 -1.00000
-0.00000 0.00000 -1.00000
-0.00000 0.00000 -1.00000
-0.00000 0.00000 -1.00000
-0.00000 0.00000 -1.00000
-0.00000 0.00000 -1.00000
-0.00000 0.00000 -1.00000
-0.00000 0.00000 -1.00000
-0.00000 0.00000 -1.00000
-0.00000 0.00000 -1.00000
-0.00000 0.00000 -1.00000
-0.00000 0.00000 -1.00000
-0.00000 0.00000 -1.00000
-0.00000 0.00000 -1.00000
-0.00000 0.00000 -1.00000
-0.00000 0.00000 -1.00000
-0.00000 0.00000 -1.00000
-0.00000 0.00000 -1.00000
-0.00000 0.00000 -1.00000
-0.00000 0.00000 -1.00000
-0.00000 0.00000 -1.00000
-0.00000 0.00000 -1.00000
-0.00000 0.00000 -1.00000
-0.00000 0.00000 -1.00000
-0.00000 0.00000 -1.00000
-0.00000 0.00000 -1.00000
-0.00000 0.00000 -1.00000
-0.00000 0.00000 -1.00000
-0.00000 0.00000 -1.00000
-0.00000 0.00000 -1.00000
-0.00000 0.00000 -1.00000
-0.00000 0.00000 -1.00000
-0.00000 0.00000 -1.00000
-0.00000 0.00000 -1.00000
-0.00000 0.00000 -1.00000
-0.00000 0.00000 -1.00000
-0.00000 0.00000 -1.00000
-0.49878 0.49878 -0.70882
-0.58652 0.39190 -0.70881
-0.65171 0.26994 -0.70881
-0.69184 0.13761 -0.70881
-0.70540 0.00000 -0.70881
-0.69184 -0.13761 -0.70881
-0.65171 -0.26994 -0.70881
-0.58652 -0.39190 -0.70881
-0.49878 -0.49878 -0.70882
-0.39190 -0.58652 -0.70881
-0.26994 -0.65171 -0.70881
-0.13761 -0.69184 -0.70881
-0.00000 -0.70540 -0.70881
0.13761 -0.69184 -0.70881
0.26994 -0.65171 -0.70881
0.39190 -0.58652 -0.70881
0.49878 -0.49878 -0.70882
0.58652 -0.39190 -0.70881
0.65171 -0.26994 -0.70881
0.69184 -0.13761 -0.70881
0.70540 0.00000 -0.70881
0.69184 0.13761 -0.70881
0.65171 0.26994 -0.70881
0.58652 0.39190 -0.70881
0.49878 0.49878 -0.70882
0.39190 0.58652 -0.70881
0.26994 0.65171 -0.70881
0.13761 0.69184 -0.70881
-0.00000 0.70540 -0.70881
-0.13761 0.69184 -0.70881
-0.26994 0.65171 -0.70881
-0.39190 0.58652 -0.70881
-0.83147 0.55557 0.00000
-0.70711 0.70711 0.00000
-0.92388 0.38268 0.00000
-0.98079 0.19508 0.00000
-1.00000 0.00000 0.00000
-0.98079 -0.19508 0.00000
-0.92388 -0.38268 0.00000
-0.83147 -0.55557 0.00000
-0.70711 -0.70711 0.00000
-0.55557 -0.83147 0.00000
-0.38268 -0.92388 0.00000
-0.19508 -0.98079 0.00000
-0.00000 -1.00000 0.00000
0.19508 -0.98079 0.00000
0.38268 -0.92388 0.00000
0.55557 -0.83147 0.00000
0.70711 -0.70711 0.00000
0.83147 -0.55557 0.00000
0.92388 -0.38268 0.00000
0.98079 -0.19508 0.00000
1.00000 0.00000 0.00000
0.98079 0.19508 0.00000
0.92388 0.38268 0.00000
0.83147 0.55557 0.00000
0.70711 0.70711 0.00000
0.55557 0.83147 0.00000
0.38268 0.92388 0.00000
0.19508 0.98079 0.00000
-0.00000 1.00000 0.00000
-0.19508 0.98079 0.00000
-0.38268 0.92388 0.00000
-0.55557 0.83147 0.00000
-0.69355 0.69355 -0.19490
-0.81553 0.54492 -0.19489
-0.90617 0.37532 -0.19489
-0.96198 0.19132 -0.19489
-0.98082 0.00000 -0.19490
-0.96198 -0.19132 -0.19489
-0.90617 -0.37532 -0.19489
-0.81553 -0.54492 -0.19489
-0.69355 -0.69355 -0.19490
-0.54492 -0.81553 -0.19489
-0.37532 -0.90617 -0.19489
-0.19132 -0.96198 -0.19489
-0.00000 -0.98082 -0.19490
0.19132 -0.96198 -0.19489
0.37532 -0.90617 -0.19489
0.54492 -0.81553 -0.19489
0.69355 -0.69355 -0.19490
0.81553 -0.54492 -0.19489
0.90617 -0.37532 -0.19489
0.96198 -0.19132 -0.19489
0.98082 0.00000 -0.19490
0.96198 0.19132 -0.19489
0.90617 0.37532 -0.19489
0.81553 0.54492 -0.19489
0.69355 0.69355 -0.19490
0.54492 0.81553 -0.19489
0.37532 0.90617 -0.19489
0.19132 0.96198 -0.19489
-0.00000 0.98082 -0.19490
-0.19132 0.96198 -0.19489
-0.37532 0.90617 -0.19489
-0.54492 0.81553 -0.19489
-0.61584 0.61584 -0.49141
-0.72415 0.48385 -0.49142
-0.80464 0.33327 -0.49142
-0.85419 0.16990 -0.49142
-0.87092 0.00000 -0.49142
-0.85419 -0.16990 -0.49142
-0.80464 -0.33327 -0.49142
-0.72415 -0.48385 -0.49142
-0.61584 -0.61584 -0.49141
-0.48385 -0.72415 -0.49142
-0.33327 -0.80464 -0.49142
-0.16990 -0.85419 -0.49142
-0.00000 -0.87092 -0.49142
0.16990 -0.85419 -0.49142
0.33327 -0.80464 -0.49142
0.48385 -0.72415 -0.49142
0.61584 -0.61584 -0.49141
0.72415 -0.48385 -0.49142
0.80464 -0.33327 -0.49142
0.85419 -0.16990 -0.49142
0.87092 0.00000 -0.49142
0.85419 0.16990 -0.49142
0.80464 0.33327 -0.49142
0.72415 0.48385 -0.49142
0.61584 0.61584 -0.49141
0.48385 0.72415 -0.49142
0.33327 0.80464 -0.49142
0.16990 0.85419 -0.49142
-0.00000 0.87092 -0.49142
-0.16990 0.85419 -0.49142
-0.33327 0.80464 -0.49142
-0.48385 0.72415 -0.49142
-0.31838 0.31838 -0.89290
-0.37435 0.25014 -0.89291
-0.41598 0.17228 -0.89291
-0.44159 0.08784 -0.89291
-0.45025 0.00000 -0.89290
-0.44159 -0.08784 -0.89291
-0.41598 -0.17228 -0.89291
-0.37435 -0.25014 -0.89291
-0.31838 -0.31838 -0.89290
-0.25014 -0.37435 -0.89291
-0.17228 -0.41598 -0.89291
-0.08784 -0.44159 -0.89291
-0.00000 -0.45025 -0.89290
0.08784 -0.44159 -0.89291
0.17228 -0.41598 -0.89291
0.25014 -0.37435 -0.89291
0.31838 -0.31838 -0.89290
0.37435 -0.25014 -0.89291
0.41598 -0.17228 -0.89291
0.44159 -0.08784 -0.89291
0.45025 0.00000 -0.89290
0.44159 0.08784 -0.89291
0.41598 0.17228 -0.89291
0.37435 0.25014 -0.89291
0.31838 0.31838 -0.89290
0.25014 0.37435 -0.89291
0.17228 0.41598 -0.89291
0.08784 0.44159 -0.89291
-0.00000 0.45025 -0.89290
-0.08784 0.44159 -0.89291
-0.17228 0.41598 -0.89291
-0.25014 0.37435 -0.89291
-0.00000 0.00000 -1.00000
0.26884 -0.96052 -0.07163
0.31731 0.94768 -0.03494
0.26301 0.87547 -0.40544
0.29085 -0.85649 -0.42641
0.29897 -0.87166 -0.38836
0.25880 0.88591 -0.38494
0.22999 0.77955 -0.58258
0.26918 -0.76346 -0.58709
0.31666 -0.93833 0.13877
0.53625 0.84105 0.07117
0.41913 -0.89462 0.15486
-0.14045 0.47091 -0.87093
-0.10850 -0.47577 -0.87285
-0.24943 -0.94627 0.20579
-0.30358 0.93906 0.16130
0.17384 -0.98419 0.03391
0.19120 -0.97946 0.06409
0.96125 -0.26945 -0.05832
0.96617 0.24162 0.09015
0.90450 -0.31786 -0.28432
0.89893 0.37108 -0.23286
0.85835 -0.35313 -0.37221
0.82918 0.41448 -0.37505
0.73729 -0.31789 -0.59611
0.70507 0.38070 -0.59828
0.99245 0.06882 0.10157
0.97691 -0.16749 0.13267
0.98860 0.12977 0.07636
0.98622 -0.12400 0.10953
-0.46191 0.17448 -0.86959
-0.43422 -0.21516 -0.87473
-0.91630 0.36485 0.16514
-0.87737 -0.44583 0.17738
-0.12507 -0.17311 -0.97693
-0.12354 0.13276 -0.98342
0.99371 0.10096 0.04856
0.99547 0.04956 0.08112
0.63233 0.76695 0.10926
0.52719 0.84972 0.00665
0.92134 -0.11472 0.37145
0.72561 -0.13013 -0.67569
0.25480 -0.96373 0.07932
0.19810 -0.98010 0.01276
0.12772 -0.99180 0.00381
0.12208 -0.99046 0.06394
0.14991 -0.00711 -0.98867
0.12821 -0.00559 0.99173
-0.09189 0.99497 -0.03992
-0.09116 0.99158 0.09192
-0.09720 0.99015 0.10080
-0.09070 0.99493 -0.04352
0.14808 -0.01520 0.98886
0.15449 -0.00662 -0.98797
0.13209 -0.99003 0.04886
0.14500 -0.98943 -0.00269
0.87833 0.08237 0.47090
0.92508 0.09061 -0.36880
0.97997 -0.17768 0.08997
0.48254 -0.86458 0.14021
0.52777 -0.76045 0.37838
0.98779 0.07947 0.13401
0.97956 -0.13859 0.14579
0.57105 -0.28490 0.76989
0.58487 0.05185 0.80947
0.88281 0.36459 0.29619
0.87956 0.47567 -0.01065
0.65339 0.14539 0.74293
0.70574 0.13685 0.69512
0.98781 0.13508 0.07740
0.99850 0.01300 0.05326
0.96235 0.26597 0.05597
0.99915 0.01450 0.03851
0.68736 0.64058 -0.34234
0.80082 0.36034 -0.47838
0.83638 0.54239 0.07932
0.75066 0.66054 0.01419
0.47695 0.85835 0.18910
0.26896 0.95988 -0.07935
0.83588 0.54095 0.09317
0.72071 0.68827 0.08286
0.46771 0.86803 0.16664
0.50461 0.85415 0.12571
0.98961 0.04660 0.13602
0.18928 0.98186 -0.01157
0.62116 0.05374 0.78184
0.28816 -0.95651 0.04538
0.77289 0.03491 -0.63357
0.03394 0.99906 -0.02680
0.06836 0.99760 -0.01120
0.04227 0.02097 0.99889
0.28382 0.02799 0.95847
0.07093 -0.99713 0.02634
0.10627 -0.99398 0.02658
0.24019 -0.01465 -0.97062
0.47237 -0.00324 -0.88139
-0.26884 -0.96052 -0.07163
-0.31731 0.94768 -0.03494
-0.26301 0.87547 -0.40544
-0.29085 -0.85649 -0.42641
-0.29897 -0.87166 -0.38836
-0.25880 0.88591 -0.38494
-0.22999 0.77955 -0.58258
-0.26918 -0.76346 -0.58709
-0.31652 -0.93838 0.13877
-0.53589 0.84129 0.07105
-0.41891 -0.89473 0.15482
0.14045 0.47091 -0.87093
0.10850 -0.47577 -0.87285
0.24943 -0.94627 0.20579
0.30358 0.93906 0.16130
-0.17384 -0.98419 0.03391
-0.19120 -0.97946 0.06409
-0.96125 -0.26945 -0.05832
-0.96617 0.24162 0.09015
-0.90450 -0.31786 -0.28432
-0.89893 0.37108 -0.23286
-0.85835 -0.35313 -0.37221
-0.82918 0.41448 -0.37505
-0.73729 -0.31789 -0.59611
-0.70507 0.38070 -0.59828
-0.99244 0.06885 0.10157
-0.97689 -0.16758 0.13267
-0.98859 0.12986 0.07636
-0.98621 -0.12409 0.10953
0.46191 0.17448 -0.86959
0.43420 -0.21516 -0.87474
0.91630 0.36485 0.16514
0.87737 -0.44583 0.17738
0.12507 -0.17311 -0.97693
0.12354 0.13276 -0.98342
-0.99371 0.10096 0.04856
-0.99547 0.04956 0.08112
-0.63233 0.76695 0.10926
-0.52719 0.84972 0.00665
-0.92134 -0.11475 0.37145
-0.72561 -0.13013 -0.67569
-0.25480 -0.96373 0.07932
-0.19810 -0.98010 0.01276
-0.12772 -0.99180 0.00381
-0.12208 -0.99046 0.06394
-0.14991 -0.00711 -0.98867
-0.12821 -0.00559 0.99173
0.09189 0.99497 -0.03992
0.09116 0.99158 0.09192
0.09720 0.99015 0.10080
0.09070 0.99493 -0.04352
-0.14808 -0.01520 0.98886
-0.15449 -0.00662 -0.98797
-0.13209 -0.99003 0.04886
-0.14500 -0.98943 -0.00269
-0.87833 0.08237 0.47090
-0.92508 0.09061 -0.36880
-0.97997 -0.17768 0.08997
-0.48250 -0.86460 0.14020
-0.52777 -0.76045 0.37838
-0.98779 0.07947 0.13401
-0.97956 -0.13859 0.14579
-0.57105 -0.28490 0.76989
-0.58489 0.05185 0.80945
-0.88281 0.36459 0.29619
-0.87956 0.47567 -0.01065
-0.65339 0.14539 0.74293
-0.70573 0.13685 0.69514
-0.98781 0.13508 0.07740
-0.99850 0.01300 0.05326
-0.96235 0.26597 0.05597
-0.99915 0.01450 0.03851
-0.68733 0.64058 -0.34240
-0.80082 0.36034 -0.47838
-0.83636 0.54241 0.07932
-0.75065 0.66055 0.01419
-0.47655 0.85855 0.18919
-0.26896 0.95988 -0.07935
-0.83583 0.54102 0.09318
-0.72062 0.68836 0.08289
-0.46731 0.86822 0.16679
-0.50433 0.85430 0.12580
-0.98961 0.04660 0.13602
-0.18928 0.98186 -0.01157
-0.62116 0.05374 0.78184
-0.28816 -0.95651 0.04538
-0.77289 0.03491 -0.63357
-0.03394 0.99906 -0.02680
-0.06836 0.99760 -0.01120
-0.04227 0.02097 0.99889
-0.28382 0.02799 0.95847
-0.07093 -0.99713 0.02634
-0.10627 -0.99398 0.02658
-0.24019 -0.01465 -0.97062
-0.47237 -0.00324 -0.88139
0.31969 0.92852 -0.18882
0.53858 0.83309 0.12605
-0.53845 0.83317 0.12610
-0.74754 0.66001 0.07465
-0.31969 0.92852 -0.18882
-0.64726 0.76205 -0.01846
-0.73600 0.67286 0.07459
0.74757 0.65998 0.07465
0.64728 0.76203 -0.01846
0.73603 0.67283 0.07459
0.67359 -0.72758 -0.13001
0.74796 0.66330 0.02426
0.60721 0.70805 -0.36050
0.64277 -0.64692 -0.41030
0.62742 -0.67069 -0.39562
0.55948 0.73026 -0.39205
0.47518 0.64697 -0.59634
0.54251 -0.58518 -0.60270
0.76060 -0.62909 0.16041
0.95987 0.26110 0.10233
0.85657 -0.49715 0.13828
0.84463 0.52976 0.07712
-0.33803 0.36580 -0.86714
-0.28233 -0.40505 -0.86961
-0.56784 -0.78883 0.23518
-0.66475 0.71721 0.20909
0.60983 0.78433 -0.11374
0.44552 -0.88467 0.13737
0.24599 -0.96893 0.02573
0.30602 -0.94891 0.07697
0.94752 0.31855 0.02713
0.97468 0.20847 0.08087
0.94651 -0.30003 -0.11872
0.94575 0.32430 0.01950
0.95480 -0.22517 -0.19407
0.98526 0.16209 0.05475
0.84248 0.39223 -0.36931
0.86849 -0.33651 -0.36398
0.81664 -0.34432 -0.46319
0.78557 0.40768 -0.46548
0.52124 0.30052 -0.79875
0.54984 -0.24815 -0.79756
0.99453 0.04727 0.09317
0.97390 -0.16822 0.15235
0.98207 -0.14152 0.12452
0.98800 0.11130 0.10712
0.98502 0.09696 -0.14262
0.98579 -0.14197 0.08976
-0.90999 0.37633 0.17402
-0.86788 -0.46625 0.17146
-0.68257 -0.39376 -0.61567
-0.70343 0.31752 -0.63589
0.99574 0.06430 0.06601
0.99726 0.02417 0.06998
0.98447 0.00980 -0.17527
0.93351 0.01288 -0.35832
0.80451 0.01404 -0.59378
0.99444 0.00433 0.10523
0.99562 -0.02023 0.09131
-0.48049 -0.00818 -0.87696
-0.99278 -0.01535 0.11896
-0.09458 -0.00064 -0.99552
0.96990 0.23701 0.05582
0.98763 0.12888 0.08930
0.56897 0.81932 0.07062
-0.02435 0.99619 0.08368
0.70890 0.67404 0.20768
0.58109 0.76448 -0.27913
-0.07154 0.99664 -0.03980
0.45907 0.00824 0.88836
0.47568 -0.85879 0.19032
0.35518 -0.89357 -0.27455
0.19276 -0.00424 -0.98124
0.14100 -0.98750 0.07050
0.20713 -0.97668 0.05649
0.13499 -0.99084 0.00479
0.12311 -0.99097 0.05310
0.12757 -0.99183 0.00284
0.16398 -0.92393 -0.34563
0.12617 -0.98178 0.14207
0.12098 -0.99101 0.05719
0.12022 -0.00913 -0.99271
-0.03961 0.91805 -0.39449
-0.07981 0.98046 0.17979
0.07941 -0.01648 0.99671
-0.10010 0.99419 -0.03955
-0.09546 0.99433 0.04691
-0.10270 0.98995 0.09720
-0.09714 0.99389 0.05243
-0.01999 0.99355 0.11158
-0.08741 0.97975 0.18015
-0.04404 0.92332 -0.38149
0.03153 0.99596 -0.08414
0.45296 0.01749 0.89136
0.13508 -0.98396 0.11655
0.17607 -0.92742 -0.32998
0.41631 0.02078 -0.90898
0.20780 -0.97698 0.04834
0.13718 -0.98959 0.04355
0.26100 -0.96436 -0.04349
0.97977 0.10920 0.16770
0.89389 -0.43349 0.11420
0.97796 -0.17524 0.11350
0.81102 -0.57923 0.08207
0.93588 0.07432 0.34438
0.68601 0.72663 0.03748
-0.00000 -0.99005 0.14069
0.52090 -0.82410 0.22254
0.97877 0.17316 0.10965
0.61429 0.11808 0.78019
-0.00000 -0.90218 0.43136
0.53178 -0.62611 0.57026
0.89898 -0.37447 0.22716
0.98955 -0.04044 0.13837
0.97418 0.06824 0.21519
0.95177 -0.14759 0.26897
-0.00000 -0.31419 0.94936
0.57111 0.00003 0.82088
-0.00000 0.02698 0.99964
0.78097 0.23328 0.57936
0.99683 0.03635 0.07071
0.99788 0.05722 0.03085
0.83312 0.45050 -0.32088
0.89471 0.43066 0.11845
-0.00000 0.79875 0.60166
-0.00000 0.99837 -0.05707
-0.00000 0.14896 0.98884
-0.00000 0.19215 0.98137
0.98483 0.09455 0.14552
0.99302 0.02466 0.11536
0.97502 0.20814 0.07755
0.99864 0.01001 0.05124
0.93009 0.36275 -0.05777
0.99515 0.07428 -0.06452
0.40576 0.76879 -0.49429
-0.00000 0.59195 -0.80598
0.68458 0.12943 0.71736
0.99745 0.04431 0.05600
0.99678 0.06620 0.04532
0.77167 0.43794 -0.46123
0.84437 0.52920 0.08356
0.71312 0.69709 0.07431
0.82964 0.55482 0.06220
0.61542 0.78816 0.00702
0.53014 0.84662 -0.04663
0.73494 0.66453 0.13517
0.73615 0.67191 0.08142
0.65961 0.74329 0.11149
0.67887 0.72782 0.09699
0.74092 0.66719 0.07676
0.25725 0.96614 0.01975
0.78883 0.04727 0.61279
0.31730 -0.94669 0.05561
0.91659 0.02573 -0.39901
0.36056 0.89264 -0.27053
0.30342 0.90488 0.29854
0.38198 -0.85320 0.35516
0.45200 -0.86221 -0.22868
0.02313 0.99925 -0.03092
0.11777 0.02551 0.99271
0.07004 -0.99718 0.02710
0.30763 -0.01318 -0.95142
0.11368 0.97230 -0.20423
0.07260 0.94741 -0.31169
0.08240 0.97585 0.20228
0.02011 0.95769 0.28709
0.11719 -0.96272 0.24379
0.05069 -0.94200 0.33177
0.15669 -0.97286 -0.17027
0.11362 -0.95708 -0.26662
0.03476 0.99917 -0.02115
0.03583 0.01932 0.99917
0.07089 -0.99720 0.02396
0.23451 -0.01312 -0.97203
-0.67359 -0.72758 -0.13001
-0.74796 0.66330 0.02426
-0.60721 0.70805 -0.36050
-0.64277 -0.64692 -0.41030
-0.62742 -0.67069 -0.39562
-0.55948 0.73026 -0.39205
-0.47518 0.64697 -0.59634
-0.54251 -0.58518 -0.60270
-0.76044 -0.62927 0.16044
-0.95986 0.26115 0.10236
-0.85642 -0.49743 0.13825
-0.84447 0.53003 0.07706
0.33803 0.36580 -0.86714
0.28233 -0.40505 -0.86961
0.56784 -0.78883 0.23518
0.66475 0.71721 0.20909
-0.30312 -0.92883 -0.21306
-0.21073 -0.97753 -0.00534
-0.30068 0.94116 -0.15431
-0.30354 0.95103 -0.05841
-0.25001 0.85294 -0.45824
-0.28676 -0.83953 -0.46148
-0.29143 -0.84173 -0.45450
-0.25059 0.85691 -0.45046
-0.18046 0.58838 -0.78819
-0.21117 -0.57349 -0.79153
-0.24073 -0.96507 0.10334
-0.38246 -0.91095 0.15458
-0.50567 0.84902 0.15318
-0.60968 0.78443 -0.11384
0.31114 0.93511 0.16957
0.25621 -0.95402 0.15556
0.24708 -0.79365 -0.55594
0.27361 0.72502 -0.63205
-0.00000 -0.99921 -0.03967
-0.00000 0.99898 -0.04523
-0.00000 0.91381 -0.40615
-0.00000 -0.91058 -0.41333
-0.00000 -0.92525 -0.37935
-0.00000 0.92569 -0.37829
-0.00000 0.81831 -0.57477
-0.00000 -0.81731 -0.57620
-0.00000 -0.99202 0.12607
-0.41103 0.90938 0.06394
-0.00000 0.48134 -0.87653
-0.00000 -0.47799 -0.87837
-0.00000 -0.98499 0.17261
-0.00000 0.99316 0.11680
-0.24599 -0.96893 0.02573
-0.30602 -0.94891 0.07697
-0.94752 0.31855 0.02713
-0.97468 0.20847 0.08087
-0.00000 -0.99933 0.03656
-0.00000 -0.99830 0.05835
-0.17036 -0.98425 0.04721
-0.94651 -0.30003 -0.11875
-0.94575 0.32430 0.01950
-0.95480 -0.22517 -0.19407
-0.98526 0.16209 0.05475
-0.84248 0.39223 -0.36931
-0.86849 -0.33651 -0.36398
-0.81664 -0.34432 -0.46319
-0.78557 0.40768 -0.46548
-0.52124 0.30052 -0.79875
-0.54986 -0.24815 -0.79755
-0.99453 0.04727 0.09317
-0.97389 -0.16825 0.15238
-0.98206 -0.14161 0.12452
-0.98798 0.11139 0.10715
-0.98501 0.09702 -0.14262
-0.98579 -0.14200 0.08976
0.90999 0.37633 0.17402
0.86788 -0.46625 0.17146
0.68257 -0.39376 -0.61567
0.70343 0.31752 -0.63589
-0.99574 0.06430 0.06601
-0.99726 0.02417 0.06998
-0.98447 0.00980 -0.17527
-0.93351 0.01288 -0.35832
-0.80451 0.01404 -0.59378
-0.99444 0.00433 0.10523
-0.99562 -0.02023 0.09131
0.48049 -0.00818 -0.87696
0.99278 -0.01535 0.11896
-0.96990 0.23701 0.05582
-0.98763 0.12888 0.08930
-0.56897 0.81932 0.07062
0.02435 0.99619 0.08368
-0.70890 0.67404 0.20768
-0.58109 0.76448 -0.27913
0.07154 0.99664 -0.03980
-0.45907 0.00824 0.88836
-0.47568 -0.85879 0.19032
-0.35518 -0.89357 -0.27455
-0.19276 -0.00424 -0.98124
-0.14100 -0.98750 0.07050
-0.20713 -0.97668 0.05649
-0.13499 -0.99084 0.00479
-0.12311 -0.99097 0.05310
-0.12757 -0.99183 0.00284
-0.16398 -0.92393 -0.34563
-0.12617 -0.98178 0.14207
-0.12098 -0.99101 0.05719
-0.12022 -0.00913 -0.99271
0.03961 0.91805 -0.39449
0.07981 0.98046 0.17979
-0.07941 -0.01648 0.99671
0.10010 0.99419 -0.03955
0.09546 0.99433 0.04691
0.10270 0.98995 0.09720
0.09714 0.99389 0.05243
0.01999 0.99355 0.11158
0.08741 0.97975 0.18015
0.04404 0.92332 -0.38149
-0.03153 0.99596 -0.08414
-0.45296 0.01749 0.89136
-0.13508 -0.98396 0.11655
-0.17607 -0.92742 -0.32998
-0.41631 0.02078 -0.90898
-0.20780 -0.97698 0.04834
-0.13718 -0.98959 0.04355
-0.26100 -0.96436 -0.04349
-0.97977 0.10920 0.16770
-0.89388 -0.43352 0.11420
-0.97796 -0.17524 0.11350
-0.81102 -0.57923 0.08207
-0.93588 0.07432 0.34438
-0.68601 0.72663 0.03748
-0.97877 0.17316 0.10965
-0.89898 -0.37447 0.22716
-0.98955 -0.04044 0.13837
-0.97418 0.06824 0.21519
-0.95177 -0.14759 0.26899
-0.99684 0.03635 0.07068
-0.99788 0.05722 0.03085
-0.98483 0.09455 0.14552
-0.99302 0.02466 0.11533
-0.97502 0.20814 0.07755
-0.99864 0.01001 0.05124
-0.93008 0.36278 -0.05780
-0.99515 0.07428 -0.06452
-0.99745 0.04431 0.05600
-0.99678 0.06620 0.04532
-0.84437 0.52920 0.08356
-0.71312 0.69709 0.07431
-0.82964 0.55482 0.06220
-0.61542 0.78816 0.00702
-0.53014 0.84662 -0.04663
0.00012 0.97625 0.21663
-0.46325 0.86555 0.19035
-0.73465 0.66482 0.13526
-0.00000 0.99612 -0.08799
-0.26503 0.95950 -0.09546
-0.73610 0.67195 0.08146
-0.65931 0.74354 0.11161
-0.67865 0.72803 0.09705
-0.74089 0.66722 0.07676
0.00012 0.97844 0.20652
-0.47842 0.86595 0.14573
0.00009 0.98876 0.14954
-0.52845 0.84005 0.12272
-0.25727 0.96614 0.01975
-0.78883 0.04727 0.61279
-0.31730 -0.94669 0.05561
-0.91659 0.02573 -0.39901
-0.36056 0.89264 -0.27053
-0.30342 0.90488 0.29854
-0.38198 -0.85320 0.35516
-0.45200 -0.86221 -0.22868
-0.02313 0.99925 -0.03092
-0.11777 0.02551 0.99271
-0.07004 -0.99718 0.02710
-0.30760 -0.01318 -0.95142
-0.11368 0.97230 -0.20423
-0.07260 0.94741 -0.31169
-0.08240 0.97585 0.20228
-0.02011 0.95769 0.28709
-0.11719 -0.96272 0.24379
-0.05069 -0.94200 0.33177
-0.15669 -0.97286 -0.17027
-0.11362 -0.95708 -0.26662
-0.03476 0.99917 -0.02115
-0.03583 0.01932 0.99917
-0.07089 -0.99720 0.02396
-0.23451 -0.01312 -0.97203
0.52862 0.83995 0.12266
0.47879 0.86577 0.14561
0.26506 0.95949 -0.09546
0.46362 0.86537 0.19023
-0.00000 0.09955 -0.99503
-0.00000 -0.12964 -0.99156
0.17036 -0.98425 0.04721
0.00003 -0.98829 0.15259
0.41137 0.90921 0.06409
-0.27361 0.72502 -0.63205
-0.24708 -0.79365 -0.55594
-0.25621 -0.95402 0.15556
-0.31117 0.93510 0.16956
0.50613 0.84874 0.15318
0.38271 -0.91084 0.15458
0.24076 -0.96507 0.10331
0.21117 -0.57349 -0.79153
0.18046 0.58838 -0.78819
0.25059 0.85691 -0.45046
0.29143 -0.84173 -0.45450
0.28676 -0.83953 -0.46148
0.25001 0.85294 -0.45824
0.30354 0.95103 -0.05841
0.30068 0.94116 -0.15431
0.21073 -0.97753 -0.00534
0.30312 -0.92883 -0.21306
-0.89471 0.43066 0.11845
-0.78096 0.23329 0.57938
-0.68458 0.12943 0.71736
-0.61429 0.11808 0.78019
-0.57111 0.00003 0.82088
-0.53178 -0.62611 0.57026
-0.52087 -0.82411 0.22255
-0.44541 -0.88474 0.13731
-0.77167 0.43794 -0.46123
-0.40573 0.76879 -0.49432
-0.83312 0.45050 -0.32088
0.09458 -0.00064 -0.99552
-0.00000 0.97509 -0.22181
0.35723 0.89556 -0.26527
0.48577 0.86479 -0.12711
0.71602 0.69230 0.08964
0.54016 0.83226 0.12479
0.00003 0.98736 0.15849
-0.54003 0.83234 0.12482
-0.71593 0.69239 0.08967
-0.74799 0.65988 0.07126
-0.74477 0.66334 0.07273
-0.48577 0.86479 -0.12711
-0.35723 0.89556 -0.26527
-0.73308 0.67692 0.06607
-0.66771 0.74340 -0.03907
-0.74582 0.66193 0.07486
0.74477 0.66334 0.07273
0.74801 0.65985 0.07126
0.66773 0.74338 -0.03906
0.73309 0.67691 0.06607
0.74584 0.66191 0.07486
0.52380 -0.84187 -0.12992
0.68683 -0.69037 -0.22725
0.78751 0.61618 -0.01199
0.69157 0.71751 -0.08320
0.55744 0.70024 -0.44601
0.61954 -0.64527 -0.44699
0.60077 -0.64671 -0.46994
0.53134 0.70836 -0.46466
0.35268 0.49154 -0.79624
0.40603 -0.43890 -0.80156
0.97283 0.21257 0.09177
0.63733 -0.75590 0.14973
0.82178 -0.54908 0.15229
0.86242 0.48898 0.13087
0.77976 0.62200 -0.07135
0.87740 -0.46481 0.11884
-0.66510 0.71964 0.19941
-0.56647 -0.80299 0.18525
-0.55951 -0.77052 -0.30535
-0.63080 0.67854 -0.37640
0.46851 0.86749 -0.16719
-0.00000 -0.99077 0.13557
0.24696 -0.96749 0.05448
0.97306 0.22212 0.06180
0.99983 0.01038 0.01541
0.98586 0.16755 0.00073
0.95028 0.01138 -0.31120
0.88774 0.01364 -0.46014
0.60315 0.01248 -0.79753
0.99277 0.05704 0.10563
0.99399 0.00031 0.10947
0.94063 -0.33904 -0.01633
-0.98858 -0.01901 0.14951
-0.71610 -0.00848 -0.69794
-0.00000 0.00000 -1.00000
0.97892 0.18967 0.07575
-0.05829 0.99754 0.03891
0.04041 0.97855 0.20200
-0.01611 0.92352 -0.38320
0.17680 -0.96802 0.17799
0.17674 -0.92556 -0.33483
0.13581 -0.98924 0.05435
0.15550 -0.92410 -0.34908
0.12296 -0.99116 0.04978
0.12217 -0.98436 0.12690
-0.05545 0.91591 -0.39754
-0.09577 0.97947 0.17738
-0.10440 0.99323 0.05091
0.01450 0.99860 0.05097
-0.04752 0.98293 0.17774
0.03052 0.94273 -0.33217
0.17677 -0.97876 0.10386
0.25261 -0.92821 -0.27315
0.24397 -0.96918 0.03409
0.90145 -0.37231 0.22084
-0.00000 -0.97004 0.24296
0.90367 -0.40139 0.14924
0.84236 0.50686 0.18308
0.97679 0.11170 0.18278
0.88497 -0.34578 0.31188
-0.00000 0.09421 0.99555
-0.00000 -0.73375 0.67942
0.97130 0.00006 0.23787
-0.00000 0.00000 1.00000
-0.00000 0.38454 0.92311
0.99239 0.03559 0.11790
0.99753 0.04245 0.05588
0.99530 0.08643 -0.04373
-0.00000 0.80865 -0.58830
-0.00000 0.97600 0.21778
-0.00000 0.16319 0.98660
0.99194 0.04343 0.11906
0.99704 0.05301 0.05560
0.98814 0.13846 -0.06632
-0.00000 0.66157 -0.74989
0.73417 0.67502 0.07309
0.70825 0.70309 0.06366
0.43532 0.89833 -0.05918
0.67710 0.72603 0.12006
0.64319 0.75770 0.11045
0.70523 0.70279 0.09348
0.25304 0.95871 -0.12983
0.23128 0.95834 0.16764
0.28639 -0.93383 0.21434
0.30703 -0.94629 -0.10139
0.09183 0.93892 -0.33165
0.03311 0.95153 0.30577
0.07730 -0.93183 0.35457
0.13752 -0.94905 -0.28355
0.06168 0.96165 -0.26725
0.01843 0.96874 0.24739
0.04749 -0.95666 0.28731
0.10316 -0.96838 -0.22716
-0.52380 -0.84187 -0.12992
-0.68683 -0.69037 -0.22725
-0.78751 0.61618 -0.01199
-0.69157 0.71751 -0.08320
-0.55744 0.70024 -0.44601
-0.61954 -0.64527 -0.44699
-0.60077 -0.64671 -0.46994
-0.53134 0.70836 -0.46466
-0.35268 0.49154 -0.79624
-0.40603 -0.43890 -0.80156
-0.97283 0.21257 0.09177
-0.63728 -0.75594 0.14976
-0.82158 -0.54937 0.15232
-0.86224 0.48929 0.13090
-0.77970 0.62207 -0.07138
-0.87734 -0.46493 0.11881
0.66510 0.71964 0.19941
0.56647 -0.80299 0.18525
0.55951 -0.77052 -0.30535
0.63080 0.67854 -0.37640
-0.00000 -0.98209 -0.18842
-0.00000 -0.99988 0.01581
-0.00000 0.98604 -0.16651
-0.00000 0.99817 -0.06055
-0.00000 0.89165 -0.45272
-0.00000 -0.89108 -0.45385
-0.00000 -0.89603 -0.44399
-0.00000 0.89665 -0.44274
-0.00000 0.62195 -0.78306
-0.00000 -0.62045 -0.78425
-0.00000 -0.99576 0.09202
0.00003 -0.98911 0.14716
0.00018 0.98691 0.16130
-0.46834 0.86756 -0.16733
-0.00000 0.98971 0.14307
-0.00000 -0.99100 0.13389
-0.00000 -0.78535 -0.61905
-0.00000 0.72552 -0.68820
-0.24696 -0.96749 0.05448
-0.97305 0.22214 0.06180
-0.00000 -0.99903 0.04395
-0.99983 0.01038 0.01541
-0.98586 0.16755 0.00073
-0.95028 0.01138 -0.31120
-0.88774 0.01364 -0.46014
-0.60315 0.01248 -0.79753
-0.99277 0.05704 0.10563
-0.99399 0.00031 0.10947
-0.94063 -0.33904 -0.01633
0.98858 -0.01901 0.14951
0.71610 -0.00848 -0.69794
-0.97892 0.18967 0.07575
0.05829 0.99754 0.03891
-0.04041 0.97855 0.20200
0.01611 0.92352 -0.38320
-0.17680 -0.96802 0.17799
-0.17674 -0.92556 -0.33483
-0.13581 -0.98924 0.05435
-0.15550 -0.92410 -0.34908
-0.12296 -0.99116 0.04978
-0.12217 -0.98436 0.12690
0.05545 0.91591 -0.39754
0.09577 0.97947 0.17738
0.10440 0.99323 0.05091
-0.01450 0.99860 0.05097
0.04752 0.98293 0.17774
-0.03052 0.94273 -0.33217
-0.17677 -0.97876 0.10386
-0.25261 -0.92821 -0.27315
-0.24397 -0.96918 0.03409
-0.90145 -0.37231 0.22084
-0.90367 -0.40139 0.14924
-0.84236 0.50686 0.18308
-0.97679 0.11170 0.18278
-0.88497 -0.34578 0.31188
-0.97130 0.00006 0.23787
-0.99239 0.03559 0.11790
-0.99753 0.04245 0.05588
-0.99530 0.08643 -0.04373
-0.99194 0.04343 0.11906
-0.99704 0.05301 0.05560
-0.98814 0.13846 -0.06632
-0.73417 0.67502 0.07309
-0.70823 0.70310 0.06366
-0.43530 0.89834 -0.05918
0.00012 0.97169 0.23628
-0.67683 0.72627 0.12018
-0.00000 0.99351 -0.11374
-0.64283 0.75798 0.11060
-0.70511 0.70291 0.09351
0.00012 0.98411 0.17756
0.00006 0.98918 0.14673
-0.25304 0.95871 -0.12983
-0.23128 0.95834 0.16764
-0.28639 -0.93383 0.21434
-0.30702 -0.94628 -0.10142
-0.09183 0.93892 -0.33165
-0.03311 0.95153 0.30577
-0.07730 -0.93183 0.35457
-0.13752 -0.94905 -0.28355
-0.06168 0.96165 -0.26725
-0.01843 0.96874 0.24739
-0.04749 -0.95666 0.28731
-0.10316 -0.96838 -0.22716
0.52411 0.83217 -0.18110
-0.00000 0.95030 -0.31133
0.71753 0.69141 0.08426
0.00003 0.98683 0.16178
-0.71746 0.69148 0.08430
-0.74860 0.65909 0.07215
-0.52411 0.83217 -0.18110
-0.74299 0.66599 0.06650
0.74861 0.65907 0.07218
0.74299 0.66599 0.06650
0.0 0.0
0.0 0.0
0.0 0.0
0.0 0.0
0.0 0.0
0.0 0.0
0.0 0.0
0.0 0.0
0.0 0.0
0.0 0.0
0.0 0.0
0.0 0.0
0.0 0.0
0.0 0.0
0.0 0.0
0.0 0.0
0.0 0.0
0.0 0.0
0.0 0.0
0.0 0.0
0.0 0.0
0.0 0.0
0.0 0.0
0.0 0.0
0.0 0.0
0.0 0.0
0.0 0.0
0.0 0.0
0.0 0.0
0.0 0.0
0.0 0.0
0.0 0.0
0.0 0.0
0.0 0.0
0.0 0.0
0.0 0.0
0.0 0.0
0.0 0.0
0.0 0.0
0.0 0.0
0.0 0.0
0.0 0.0
0.0 0.0
0.0 0.0
0.0 0.0
0.0 0.0
0.0 0.0
0.0 0.0
0.0 0.0
0.0 0.0
0.0 0.0
0.0 0.0
0.0 0.0
0.0 0.0
0.0 0.0
0.0 0.0
0.0 0.0
0.0 0.0
0.0 0.0
0.0 0.0
0.0 0.0
0.0 0.0
0.0 0.0
0.0 0.0
0.0 0.0
0.0 0.0
0.0 0.0
0.0 0.0
0.0 0.0
0.0 0.0
0.0 0.0
0.0 0.0
0.0 0.0
0.0 0.0
0.0 0.0
0.0 0.0
0.0 0.0
0.0 0.0
0.0 0.0
0.0 0.0
0.0 0.0
0.0 0.0
0.0 0.0
0.0 0.0
0.0 0.0
0.0 0.0
0.0 0.0
0.0 0.0
0.0 0.0
0.0 0.0
0.0 0.0
0.0 0.0
0.0 0.0
0.0 0.0
0.0 0.0
0.0 0.0
0.0 0.0
0.0 0.0
0.0 0.0
0.0 0.0
0.0 0.0
0.0 0.0
0.0 0.0
0.0 0.0
0.0 0.0
0.0 0.0
0.0 0.0
0.0 0.0
0.0 0.0
0.0 0.0
0.0 0.0
0.0 0.0
0.0 0.0
0.0 0.0
0.0 0.0
0.0 0.0
0.0 0.0
0.0 0.0
0.0 0.0
0.0 0.0
0.0 0.0
0.0 0.0
0.0 0.0
0.0 0.0
0.0 0.0
0.0 0.0
0.0 0.0
0.0 0.0
0.0 0.0
0.0 0.0
0.0 0.0
0.0 0.0
0.0 0.0
0.0 0.0
0.0 0.0
0.0 0.0
0.0 0.0
0.0 0.0
0.0 0.0
0.0 0.0
0.0 0.0
0.0 0.0
0.0 0.0
0.0 0.0
0.0 0.0
0.0 0.0
0.0 0.0
0.0 0.0
0.0 0.0
0.0 0.0
0.0 0.0
0.0 0.0
0.0 0.0
0.0 0.0
0.0 0.0
0.0 0.0
0.0 0.0
0.0 0.0
0.0 0.0
0.0 0.0
0.0 0.0
0.0 0.0
0.0 0.0
0.0 0.0
0.0 0.0
0.0 0.0
0.0 0.0
0.0 0.0
0.0 0.0
0.0 0.0
0.0 0.0
0.0 0.0
0.0 0.0
0.0 0.0
0.0 0.0
0.0 0.0
0.0 0.0
0.0 0.0
0.0 0.0
0.0 0.0
0.0 0.0
0.0 0.0
0.0 0.0
0.0 0.0
0.0 0.0
0.0 0.0
0.0 0.0
0.0 0.0
0.0 0.0
0.0 0.0
0.0 0.0
0.0 0.0
0.0 0.0
0.0 0.0
0.0 0.0
0.0 0.0
0.0 0.0
0.0 0.0
0.0 0.0
0.0 0.0
0.0 0.0
0.0 0.0
0.0 0.0
0.0 0.0
0.0 0.0
0.0 0.0
0.0 0.0
0.0 0.0
0.0 0.0
0.0 0.0
0.0 0.0
0.0 0.0
0.0 0.0
0.0 0.0
0.0 0.0
0.0 0.0
0.0 0.0
0.0 0.0
0.0 0.0
0.0 0.0
0.0 0.0
0.0 0.0
0.0 0.0
0.0 0.0
0.0 0.0
0.0 0.0
0.0 0.0
0.0 0.0
0.0 0.0
0.0 0.0
0.0 0.0
0.0 0.0
0.0 0.0
0.0 0.0
0.0 0.0
0.0 0.0
0.0 0.0
0.0 0.0
0.0 0.0
0.0 0.0
0.0 0.0
0.0 0.0
0.0 0.0
0.0 0.0
0.0 0.0
0.0 0.0
0.0 0.0
0.0 0.0
0.0 0.0
0.0 0.0
0.0 0.0
0.0 0.0
0.0 0.0
0.0 0.0
0.0 0.0
0.0 0.0
0.0 0.0
0.0 0.0
0.0 0.0
0.0 0.0
0.0 0.0
0.0 0.0
0.0 0.0
0.0 0.0
0.0 0.0
0.0 0.0
0.0 0.0
0.0 0.0
0.0 0.0
0.0 0.0
0.0 0.0
0.0 0.0
0.0 0.0
0.0 0.0
0.0 0.0
0.0 0.0
0.0 0.0
0.0 0.0
0.0 0.0
0.0 0.0
0.0 0.0
0.0 0.0
0.0 0.0
0.0 0.0
0.0 0.0
0.0 0.0
0.0 0.0
0.0 0.0
0.0 0.0
0.0 0.0
0.0 0.0
0.0 0.0
0.0 0.0
0.0 0.0
0.0 0.0
0.0 0.0
0.0 0.0
0.0 0.0
0.0 0.0
0.0 0.0
0.0 0.0
0.0 0.0
0.0 0.0
0.0 0.0
0.0 0.0
0.0 0.0
0.0 0.0
0.0 0.0
0.0 0.0
0.0 0.0
0.0 0.0
0.0 0.0
0.0 0.0
0.0 0.0
0.0 0.0
0.0 0.0
0.0 0.0
0.0 0.0
0.0 0.0
0.0 0.0
0.0 0.0
0.0 0.0
0.0 0.0
0.0 0.0
0.0 0.0
0.0 0.0
0.0 0.0
0.0 0.0
0.0 0.0
0.0 0.0
0.0 0.0
0.0 0.0
0.0 0.0
0.0 0.0
0.0 0.0
0.0 0.0
0.0 0.0
0.0 0.0
0.0 0.0
0.0 0.0
0.0 0.0
0.0 0.0
0.0 0.0
0.0 0.0
0.0 0.0
0.0 0.0
0.0 0.0
0.0 0.0
0.0 0.0
0.0 0.0
0.0 0.0
0.0 0.0
0.0 0.0
0.0 0.0
0.0 0.0
0.0 0.0
0.0 0.0
0.0 0.0
0.0 0.0
0.0 0.0
0.0 0.0
0.0 0.0
0.0 0.0
0.0 0.0
0.0 0.0
0.0 0.0
0.0 0.0
0.0 0.0
0.0 0.0
0.0 0.0
0.0 0.0
0.0 0.0
0.0 0.0
0.0 0.0
0.0 0.0
0.0 0.0
0.0 0.0
0.0 0.0
0.0 0.0
0.0 0.0
0.0 0.0
0.0 0.0
0.0 0.0
0.0 0.0
0.0 0.0
0.0 0.0
0.0 0.0
0.0 0.0
0.0 0.0
0.0 0.0
0.0 0.0
0.0 0.0
0.0 0.0
0.0 0.0
0.0 0.0
0.0 0.0
0.0 0.0
0.0 0.0
0.0 0.0
0.0 0.0
0.0 0.0
0.0 0.0
0.0 0.0
0.0 0.0
0.0 0.0
0.0 0.0
0.0 0.0
0.0 0.0
0.0 0.0
0.0 0.0
0.0 0.0
0.0 0.0
0.0 0.0
0.0 0.0
0.0 0.0
0.0 0.0
0.0 0.0
0.0 0.0
0.0 0.0
0.0 0.0
0.0 0.0
0.0 0.0
0.0 0.0
0.0 0.0
0.0 0.0
0.0 0.0
0.0 0.0
0.0 0.0
0.0 0.0
0.0 0.0
0.0 0.0
0.0 0.0
0.0 0.0
0.0 0.0
0.0 0.0
0.0 0.0
0.0 0.0
0.0 0.0
0.0 0.0
0.0 0.0
0.0 0.0
0.0 0.0
0.0 0.0
0.0 0.0
0.0 0.0
0.0 0.0
0.0 0.0
0.0 0.0
0.0 0.0
0.0 0.0
0.0 0.0
0.0 0.0
0.0 0.0
0.0 0.0
0.0 0.0
0.0 0.0
0.0 0.0
0.0 0.0
0.0 0.0
0.0 0.0
0.0 0.0
0.0 0.0
0.0 0.0
0.0 0.0
0.0 0.0
0.0 0.0
0.0 0.0
0.0 0.0
0.0 0.0
0.0 0.0
0.0 0.0
0.0 0.0
0.0 0.0
0.0 0.0
0.0 0.0
0.0 0.0
0.0 0.0
0.0 0.0
0.0 0.0
0.0 0.0
0.0 0.0
0.0 0.0
0.0 0.0
0.0 0.0
0.0 0.0
0.0 0.0
0.0 0.0
0.0 0.0
0.0 0.0
0.0 0.0
0.0 0.0
0.0 0.0
0.0 0.0
0.0 0.0
0.0 0.0
0.0 0.0
0.0 0.0
0.0 0.0
0.0 0.0
0.0 0.0
0.0 0.0
0.0 0.0
0.0 0.0
0.0 0.0
0.0 0.0
0.0 0.0
0.0 0.0
0.0 0.0
0.0 0.0
0.0 0.0
0.0 0.0
0.0 0.0
0.0 0.0
0.0 0.0
0.0 0.0
0.0 0.0
0.0 0.0
0.0 0.0
0.0 0.0
0.0 0.0
0.0 0.0
0.0 0.0
0.0 0.0
0.0 0.0
0.0 0.0
0.0 0.0
0.0 0.0
0.0 0.0
0.0 0.0
0.0 0.0
0.0 0.0
0.0 0.0
0.0 0.0
0.0 0.0
0.0 0.0
0.0 0.0
0.0 0.0
0.0 0.0
0.0 0.0
0.0 0.0
0.0 0.0
0.0 0.0
0.0 0.0
0.0 0.0
0.0 0.0
0.0 0.0
0.0 0.0
0.0 0.0
0.0 0.0
0.0 0.0
0.0 0.0
0.0 0.0
0.0 0.0
0.0 0.0
0.0 0.0
0.0 0.0
0.0 0.0
0.0 0.0
0.0 0.0
0.0 0.0
0.0 0.0
0.0 0.0
0.0 0.0
0.0 0.0
0.0 0.0
0.0 0.0
0.0 0.0
0.0 0.0
0.0 0.0
0.0 0.0
0.0 0.0
0.0 0.0
0.0 0.0
0.0 0.0
0.0 0.0
0.0 0.0
0.0 0.0
0.0 0.0
0.0 0.0
0.0 0.0
0.0 0.0
0.0 0.0
0.0 0.0
0.0 0.0
0.0 0.0
0.0 0.0
0.0 0.0
0.0 0.0
0.0 0.0
0.0 0.0
0.0 0.0
0.0 0.0
0.0 0.0
0.0 0.0
0.0 0.0
0.0 0.0
0.0 0.0
0.0 0.0
0.0 0.0
0.0 0.0
0.0 0.0
0.0 0.0
0.0 0.0
0.0 0.0
0.0 0.0
0.0 0.0
0.0 0.0
0.0 0.0
0.0 0.0
0.0 0.0
0.0 0.0
0.0 0.0
0.0 0.0
0.0 0.0
0.0 0.0
0.0 0.0
0.0 0.0
0.0 0.0
0.0 0.0
0.0 0.0
0.0 0.0
0.0 0.0
0.0 0.0
0.0 0.0
0.0 0.0
0.0 0.0
0.0 0.0
0.0 0.0
0.0 0.0
0.0 0.0
0.0 0.0
0.0 0.0
0.0 0.0
0.0 0.0
0.0 0.0
0.0 0.0
0.0 0.0
0.0 0.0
0.0 0.0
0.0 0.0
0.0 0.0
0.0 0.0
0.0 0.0
0.0 0.0
0.0 0.0
0.0 0.0
0.0 0.0
0.0 0.0
0.0 0.0
0.0 0.0
0.0 0.0
0.0 0.0
0.0 0.0
0.0 0.0
0.0 0.0
0.0 0.0
0.0 0.0
0.0 0.0
0.0 0.0
0.0 0.0
0.0 0.0
0.0 0.0
0.0 0.0
0.0 0.0
0.0 0.0
0.0 0.0
0.0 0.0
0.0 0.0
0.0 0.0
0.0 0.0
0.0 0.0
0.0 0.0
0.0 0.0
0.0 0.0
0.0 0.0
0.0 0.0
0.0 0.0
0.0 0.0
0.0 0.0
0.0 0.0
0.0 0.0
0.0 0.0
0.0 0.0
0.0 0.0
0.0 0.0
0.0 0.0
0.0 0.0
0.0 0.0
0.0 0.0
0.0 0.0
0.0 0.0
0.0 0.0
0.0 0.0
0.0 0.0
0.0 0.0
0.0 0.0
0.0 0.0
0.0 0.0
0.0 0.0
0.0 0.0
0.0 0.0
0.0 0.0
0.0 0.0
0.0 0.0
0.0 0.0
0.0 0.0
0.0 0.0
0.0 0.0
0.0 0.0
0.0 0.0
0.0 0.0
0.0 0.0
0.0 0.0
0.0 0.0
0.0 0.0
0.0 0.0
0.0 0.0
0.0 0.0
0.0 0.0
0.0 0.0
0.0 0.0
0.0 0.0
0.0 0.0
0.0 0.0
0.0 0.0
0.0 0.0
0.0 0.0
0.0 0.0
0.0 0.0
0.0 0.0
0.0 0.0
0.0 0.0
0.0 0.0
0.0 0.0
0.0 0.0
0.0 0.0
0.0 0.0
0.0 0.0
0.0 0.0
0.0 0.0
0.0 0.0
0.0 0.0
0.0 0.0
0.0 0.0
0.0 0.0
0.0 0.0
0.0 0.0
0.0 0.0
0.0 0.0
0.0 0.0
0.0 0.0
0.0 0.0
0.0 0.0
0.0 0.0
0.0 0.0
0.0 0.0
0.0 0.0
0.0 0.0
0.0 0.0
0.0 0.0
0.0 0.0
0.0 0.0
0.0 0.0
0.0 0.0
0.0 0.0
0.0 0.0
0.0 0.0
0.0 0.0
0.0 0.0
0.0 0.0
0.0 0.0
0.0 0.0
0.0 0.0
0.0 0.0
0.0 0.0
0.0 0.0
0.0 0.0
0.0 0.0
0.0 0.0
0.0 0.0
0.0 0.0
0.0 0.0
0.0 0.0
0.0 0.0
0.0 0.0
0.0 0.0
0.0 0.0
0.0 0.0
0.0 0.0
0.0 0.0
0.0 0.0
0.0 0.0
0.0 0.0
0.0 0.0
0.0 0.0
0.0 0.0
0.0 0.0
0.0 0.0
0.0 0.0
0.0 0.0
0.0 0.0
0.0 0.0
0.0 0.0
0.0 0.0
0.0 0.0
0.0 0.0
0.0 0.0
0.0 0.0
0.0 0.0
0.0 0.0
0.0 0.0
0.0 0.0
0.0 0.0
0.0 0.0
0.0 0.0
0.0 0.0
0.0 0.0
0.0 0.0
0.0 0.0
0.0 0.0
0.0 0.0
0.0 0.0
0.0 0.0
0.0 0.0
0.0 0.0
0.0 0.0
0.0 0.0
0.0 0.0
0.0 0.0
0.0 0.0
0.0 0.0
0.0 0.0
0.0 0.0
0.0 0.0
0.0 0.0
0.0 0.0
0.0 0.0
0.0 0.0
0.0 0.0
0.0 0.0
0.0 0.0
0.0 0.0
0.0 0.0
0.0 0.0
0.0 0.0
0.0 0.0
0.0 0.0
0.0 0.0
0.0 0.0
0.0 0.0
0.0 0.0
0.0 0.0
0.0 0.0
0.0 0.0
0.0 0.0
0.0 0.0
0.0 0.0
0.0 0.0
0.0 0.0
0.0 0.0
0.0 0.0
0.0 0.0
0.0 0.0
0.0 0.0
0.0 0.0
0.0 0.0
0.0 0.0
0.0 0.0
0.0 0.0
0.0 0.0
0.0 0.0
0.0 0.0
0.0 0.0
0.0 0.0
0.0 0.0
0.0 0.0
0.0 0.0
0.0 0.0
0.0 0.0
0.0 0.0
0.0 0.0
0.0 0.0
0.0 0.0
0.0 0.0
0.0 0.0
0.0 0.0
0.0 0.0
0.0 0.0
0.0 0.0
0.0 0.0
0.0 0.0
0.0 0.0
0.0 0.0
0.0 0.0
0.0 0.0
0.0 0.0
0.0 0.0
0.0 0.0
0.0 0.0
0.0 0.0
0.0 0.0
0.0 0.0
0.0 0.0
0.0 0.0
0.0 0.0
0.0 0.0
0.0 0.0
0.0 0.0
0.0 0.0
0.0 0.0
0.0 0.0
0.0 0.0
0.0 0.0
0.0 0.0
0.0 0.0
0.0 0.0
0.0 0.0
0.0 0.0
0.0 0.0
0.0 0.0
0.0 0.0
0.0 0.0
0.0 0.0
0.0 0.0
0.0 0.0
0.0 0.0
0.0 0.0
0.0 0.0
0.0 0.0
0.0 0.0
0.0 0.0
0.0 0.0
0.0 0.0
0.0 0.0
0.0 0.0
0.0 0.0
0.0 0.0
0.0 0.0
0.0 0.0
0.0 0.0
0.0 0.0
0.0 0.0
0.0 0.0
0.0 0.0
0.0 0.0
0.0 0.0
0.0 0.0
0.0 0.0
0.0 0.0
0.0 0.0
0.0 0.0
0.0 0.0
0.0 0.0
0.0 0.0
0.0 0.0
0.0 0.0
0.0 0.0
0.0 0.0
0.0 0.0
0.0 0.0
0.0 0.0
0.0 0.0
0.0 0.0
0.0 0.0
0.0 0.0
0.0 0.0
0.0 0.0
0.0 0.0
0.0 0.0
0.0 0.0
0.0 0.0
0.0 0.0
0.0 0.0
0.0 0.0
0.0 0.0
0.0 0.0
0.0 0.0
0.0 0.0
0.0 0.0
0.0 0.0
0.0 0.0
0.0 0.0
0.0 0.0
0.0 0.0
0.0 0.0
0.0 0.0
0.0 0.0
0.0 0.0
0.0 0.0
0.0 0.0
0.0 0.0
0.0 0.0
0.0 0.0
0.0 0.0
0.0 0.0
0.0 0.0
0.0 0.0
0.0 0.0
0.0 0.0
0.0 0.0
0.0 0.0
0.0 0.0
0.0 0.0
0.0 0.0
0.0 0.0
0.0 0.0
0.0 0.0
0.0 0.0
0.0 0.0
0.0 0.0
0.0 0.0
0.0 0.0
0.0 0.0
0.0 0.0
0.0 0.0
0.0 0.0
0.0 0.0
0.0 0.0
0.0 0.0
0.0 0.0
0.0 0.0
0.0 0.0
0.0 0.0
0.0 0.0
0.0 0.0
0.0 0.0
0.0 0.0
0.0 0.0
0.0 0.0
0.0 0.0
0.0 0.0
0.0 0.0
0.0 0.0
0.0 0.0
0.0 0.0
0.0 0.0
0.0 0.0
0.0 0.0
0.0 0.0
2016
0 32 33
0 33 1
1 33 34
1 34 2
3 2 34
3 34 35
4 3 35
4 35 36
4 36 37
4 37 5
6 5 37
6 37 38
6 38 39
6 39 7
8 7 39
8 39 40
8 40 41
8 41 9
10 9 41
10 41 42
11 10 42
11 42 43
12 11 43
12 43 44
13 12 44
13 44 45
14 13 45
14 45 46
15 14 46
15 46 47
16 15 47
16 47 48
16 48 49
16 49 17
18 17 49
18 49 50
19 18 50
19 50 51
20 19 51
20 51 52
21 20 52
21 52 53
22 21 53
22 53 54
23 22 54
23 54 55
24 23 55
24 55 56
25 24 56
25 56 57
25 57 58
25 58 26
27 26 58
27 58 59
28 27 59
28 59 60
29 28 60
29 60 61
30 29 61
30 61 62
31 30 62
31 62 63
0 31 63
0 63 32
32 64 65
32 65 33
33 65 66
33 66 34
35 34 66
35 66 67
36 35 67
36 67 68
36 68 69
36 69 37
38 37 69
38 69 70
38 70 71
38 71 39
40 39 71
40 71 72
40 72 73
40 73 41
42 41 73
42 73 74
43 42 74
43 74 75
44 43 75
44 75 76
45 44 76
45 76 77
46 45 77
46 77 78
47 46 78
47 78 79
48 47 79
48 79 80
48 80 81
48 81 49
50 49 81
50 81 82
51 50 82
51 82 83
52 51 83
52 83 84
53 52 84
53 84 85
54 53 85
54 85 86
55 54 86
55 86 87
56 55 87
56 87 88
57 56 88
57 88 89
57 89 90
57 90 58
59 58 90
59 90 91
60 59 91
60 91 92
61 60 92
61 92 93
62 61 93
62 93 94
63 62 94
63 94 95
32 63 95
32 95 64
64 97 96
64 96 65
65 96 98
65 98 66
67 66 98
67 98 99
68 67 99
68 99 100
68 100 101
68 101 69
70 69 101
70 101 102
70 102 103
70 103 71
72 71 103
72 103 104
72 104 105
72 105 73
74 73 105
74 105 106
75 74 106
75 106 107
76 75 107
76 107 108
77 76 108
77 108 109
78 77 109
78 109 110
79 78 110
79 110 111
80 79 111
80 111 112
80 112 113
80 113 81
82 81 113
82 113 114
83 82 114
83 114 115
84 83 115
84 115 116
85 84 116
85 116 117
86 85 117
86 117 118
87 86 118
87 118 119
88 87 119
88 119 120
89 88 120
89 120 121
89 121 122
89 122 90
91 90 122
91 122 123
92 91 123
92 123 124
93 92 124
93 124 125
94 93 125
94 125 126
95 94 126
95 126 127
64 95 127
64 127 97
97 128 129
97 129 96
96 129 130
96 130 98
99 98 130
99 130 131
100 99 131
100 131 132
100 132 133
100 133 101
102 101 133
102 133 134
102 134 135
102 135 103
104 103 135
104 135 136
104 136 137
104 137 105
106 105 137
106 137 138
107 106 138
107 138 139
108 107 139
108 139 140
109 108 140
109 140 141
110 109 141
110 141 142
111 110 142
111 142 143
112 111 143
112 143 144
112 144 145
112 145 113
114 113 145
114 145 146
115 114 146
115 146 147
116 115 147
116 147 148
117 116 148
117 148 149
118 117 149
118 149 150
119 118 150
119 150 151
120 119 151
120 151 152
121 120 152
121 152 153
121 153 154
121 154 122
123 122 154
123 154 155
124 123 155
124 155 156
125 124 156
125 156 157
126 125 157
126 157 158
127 126 158
127 158 159
97 127 159
97 159 128
128 160 161
128 161 129
129 161 162
129 162 130
131 130 162
131 162 163
132 131 163
132 163 164
132 164 165
132 165 133
134 133 165
134 165 166
134 166 167
134 167 135
136 135 167
136 167 168
136 168 169
136 169 137
138 137 169
138 169 170
139 138 170
139 170 171
140 139 171
140 171 172
141 140 172
141 172 173
142 141 173
142 173 174
143 142 174
143 174 175
144 143 175
144 175 176
144 176 177
144 177 145
146 145 177
146 177 178
147 146 178
147 178 179
148 147 179
148 179 180
149 148 180
149 180 181
150 149 181
150 181 182
151 150 182
151 182 183
152 151 183
152 183 184
153 152 184
153 184 185
153 185 186
153 186 154
155 154 186
155 186 187
156 155 187
156 187 188
157 156 188
157 188 189
158 157 189
158 189 190
159 158 190
159 190 191
128 159 191
128 191 160
160 192 193
160 193 161
161 193 194
161 194 162
163 162 194
163 194 195
164 163 195
164 195 196
164 196 197
164 197 165
166 165 197
166 197 198
166 198 199
166 199 167
168 167 199
168 199 200
168 200 201
168 201 169
170 169 201
170 201 202
171 170 202
171 202 203
172 171 203
172 203 204
173 172 204
173 204 205
174 173 205
174 205 206
175 174 206
175 206 207
176 175 207
176 207 208
176 208 209
176 209 177
178 177 209
178 209 210
179 178 210
179 210 211
180 179 211
180 211 212
181 180 212
181 212 213
182 181 213
182 213 214
183 182 214
183 214 215
184 183 215
184 215 216
185 184 216
185 216 217
185 217 218
185 218 186
187 186 218
187 218 219
188 187 219
188 219 220
189 188 220
189 220 221
190 189 221
190 221 222
191 190 222
191 222 223
160 191 223
160 223 192
193 192 224
194 193 224
195 194 224
196 195 224
197 196 224
198 197 224
199 198 224
200 199 224
201 200 224
202 201 224
203 202 224
204 203 224
205 204 224
206 205 224
207 206 224
208 207 224
209 208 224
210 209 224
211 210 224
212 211 224
213 212 224
214 213 224
215 214 224
216 215 224
217 216 224
218 217 224
219 218 224
220 219 224
221 220 224
222 221 224
223 222 224
192 223 224
225 799 833
225 833 425
225 425 832
225 832 798
225 798 946
225 946 623
225 623 945
225 945 799
226 796 834
226 834 426
226 426 835
226 835 797
226 797 947
226 947 624
226 624 948
226 948 796
227 797 835
227 835 427
227 427 836
227 836 795
227 795 949
227 949 625
227 625 947
227 947 797
228 799 945
228 945 626
228 626 950
228 950 794
228 794 837
228 837 428
228 428 833
228 833 799
229 794 950
229 950 627
229 627 951
229 951 793
229 793 838
229 838 429
229 429 837
229 837 794
230 795 836
230 836 430
230 430 839
230 839 792
230 792 952
230 952 628
230 628 949
230 949 795
231 792 839
231 839 431
231 431 840
231 840 791
231 791 953
231 953 629
231 629 952
231 952 792
232 793 951
232 951 630
232 630 954
232 954 790
232 790 841
232 841 432
232 432 838
232 838 793
233 789 843
233 843 433
233 433 844
233 844 788
233 788 956
233 956 631
233 631 955
233 955 789
234 787 957
234 957 782
234 782 852
234 852 441
234 441 846
234 846 436
234 436 845
234 845 787
235 788 844
235 844 435
235 435 847
235 847 442
235 442 853
235 853 781
235 781 956
235 956 788
236 790 954
236 954 633
236 633 959
236 959 786
236 786 848
236 848 437
236 437 841
236 841 790
237 791 840
237 840 438
237 438 849
237 849 785
237 785 960
237 960 634
237 634 953
237 953 791
238 785 849
238 849 439
238 439 850
238 850 784
238 784 961
238 961 635
238 635 960
238 960 785
239 786 959
239 959 636
239 636 962
239 962 783
239 783 851
239 851 440
239 440 848
239 848 786
240 641 946
240 946 798
240 798 832
240 832 443
240 443 854
240 854 780
240 780 965
240 965 641
241 642 965
241 965 780
241 780 854
241 854 444
241 444 843
241 843 789
241 789 955
241 955 642
242 449 832
242 832 425
242 425 833
242 833 447
242 447 856
242 856 468
242 468 857
242 857 449
243 450 857
243 857 468
243 468 856
243 856 448
243 448 835
243 835 426
243 426 834
243 834 450
244 447 833
244 833 428
244 428 837
244 837 452
244 452 858
244 858 469
244 469 856
244 856 447
245 448 856
245 856 469
245 469 858
245 858 451
245 451 836
245 836 427
245 427 835
245 835 448
246 452 837
246 837 429
246 429 838
246 838 453
246 453 859
246 859 470
246 470 858
246 858 452
247 451 858
247 858 470
247 470 859
247 859 454
247 454 839
247 839 430
247 430 836
247 836 451
248 453 838
248 838 432
248 432 841
248 841 456
248 456 860
248 860 471
248 471 859
248 859 453
249 454 859
249 859 471
249 471 860
249 860 455
249 455 840
249 840 431
249 431 839
249 839 454
250 457 842
250 842 434
250 434 845
250 845 460
250 460 862
250 862 472
250 472 861
250 861 457
251 458 861
251 861 472
251 472 862
251 862 459
251 459 844
251 844 433
251 433 843
251 843 458
252 460 845
252 845 436
252 436 846
252 846 461
252 461 863
252 863 473
252 473 862
252 862 460
253 459 862
253 862 473
253 473 863
253 863 462
253 462 847
253 847 435
253 435 844
253 844 459
254 456 841
254 841 437
254 437 848
254 848 463
254 463 864
254 864 474
254 474 860
254 860 456
255 455 860
255 860 474
255 474 864
255 864 464
255 464 849
255 849 438
255 438 840
255 840 455
256 463 848
256 848 440
256 440 851
256 851 466
256 466 865
256 865 475
256 475 864
256 864 463
257 464 864
257 864 475
257 475 865
257 865 465
257 465 850
257 850 439
257 439 849
257 849 464
258 779 961
258 961 784
258 784 850
258 850 465
258 465 865
258 865 476
258 476 866
258 866 779
259 778 866
259 866 476
259 476 865
259 865 466
259 466 851
259 851 783
259 783 962
259 962 778
260 467 867
260 867 477
260 477 857
260 857 450
260 450 834
260 834 445
260 445 855
260 855 467
261 457 861
261 861 478
261 478 867
261 867 467
261 467 855
261 855 446
261 446 842
261 842 457
262 478 861
262 861 481
262 481 869
262 869 480
262 480 868
262 868 479
262 479 867
262 867 478
263 477 867
263 867 479
263 479 868
263 868 483
263 483 870
263 870 482
263 482 857
263 857 477
264 458 843
264 843 485
264 485 871
264 871 484
264 484 869
264 869 481
264 481 861
264 861 458
265 487 872
265 872 486
265 486 832
265 832 449
265 449 857
265 857 482
265 482 870
265 870 487
266 444 854
266 854 489
266 489 873
266 873 488
266 488 871
266 871 485
266 485 843
266 843 444
267 443 832
267 832 486
267 486 872
267 872 490
267 490 873
267 873 489
267 489 854
267 854 443
268 490 872
268 872 493
268 493 874
268 874 492
268 492 875
268 875 491
268 491 873
268 873 490
269 488 873
269 873 491
269 491 875
269 875 495
269 495 876
269 876 494
269 494 871
269 871 488
270 487 870
270 870 497
270 497 877
270 877 496
270 496 874
270 874 493
270 493 872
270 872 487
271 484 871
271 871 494
271 494 876
271 876 499
271 499 878
271 878 498
271 498 869
271 869 484
272 483 868
272 868 501
272 501 879
272 879 500
272 500 877
272 877 497
272 497 870
272 870 483
273 480 869
273 869 498
273 498 878
273 878 502
273 502 879
273 879 501
273 501 868
273 868 480
274 502 878
274 878 505
274 505 881
274 881 504
274 504 880
274 880 503
274 503 879
274 879 502
275 500 879
275 879 503
275 503 880
275 880 507
275 507 882
275 882 506
275 506 877
275 877 500
276 499 876
276 876 509
276 509 883
276 883 508
276 508 881
276 881 505
276 505 878
276 878 499
277 496 877
277 877 506
277 506 882
277 882 511
277 511 884
277 884 510
277 510 874
277 874 496
278 495 875
278 875 513
278 513 885
278 885 512
278 512 883
278 883 509
278 509 876
278 876 495
279 492 874
279 874 510
279 510 884
279 884 514
279 514 885
279 885 513
279 513 875
279 875 492
280 508 883
280 883 512
280 512 885
280 885 515
280 515 880
280 880 504
280 504 881
280 881 508
281 515 885
281 885 514
281 514 884
281 884 511
281 511 882
281 882 507
281 507 880
281 880 515
282 462 863
282 863 518
282 518 886
282 886 517
282 517 888
282 888 516
282 516 847
282 847 462
283 442 847
283 847 516
283 516 888
283 888 522
283 522 887
283 887 521
283 521 853
283 853 442
284 522 888
284 888 527
284 527 891
284 891 526
284 526 893
284 893 525
284 525 887
284 887 522
285 519 889
285 889 523
285 523 890
285 890 529
285 529 894
285 894 528
285 528 886
285 886 519
286 517 886
286 886 528
286 528 894
286 894 530
286 530 891
286 891 527
286 527 888
286 888 517
287 531 893
287 893 526
287 526 891
287 891 530
287 530 894
287 894 532
287 532 895
287 895 531
288 533 895
288 895 532
288 532 894
288 894 529
288 529 890
288 890 524
288 524 892
288 892 533
289 538 901
289 901 539
289 539 896
289 896 534
289 534 897
289 897 535
289 535 898
289 898 538
290 537 900
290 900 540
290 540 901
290 901 538
290 538 898
290 898 536
290 536 899
290 899 537
291 541 892
291 892 524
291 524 890
291 890 543
291 543 903
291 903 551
291 551 902
291 902 541
292 542 902
292 902 551
292 551 903
292 903 544
292 544 897
292 897 534
292 534 896
292 896 542
293 543 890
293 890 523
293 523 889
293 889 545
293 545 904
293 904 552
293 552 903
293 903 543
294 544 903
294 903 552
294 552 904
294 904 546
294 546 898
294 898 535
294 535 897
294 897 544
295 545 889
295 889 520
295 520 846
295 846 547
295 547 905
295 905 553
295 553 904
295 904 545
296 546 904
296 904 553
296 553 905
296 905 548
296 548 899
296 899 536
296 536 898
296 898 546
297 547 846
297 846 441
297 441 852
297 852 549
297 549 906
297 906 554
297 554 905
297 905 547
298 548 905
298 905 554
298 554 906
298 906 550
298 550 900
298 900 537
298 537 899
298 899 548
299 446 855
299 855 557
299 557 908
299 908 556
299 556 907
299 907 555
299 555 842
299 842 446
300 445 834
300 834 559
300 559 909
300 909 558
300 558 908
300 908 557
300 557 855
300 855 445
301 787 845
301 845 560
301 560 910
301 910 777
301 777 1010
301 1010 737
301 737 957
301 957 787
302 796 948
302 948 740
302 740 1012
302 1012 776
302 776 909
302 909 559
302 559 834
302 834 796
303 434 842
303 842 555
303 555 907
303 907 561
303 561 910
303 910 560
303 560 845
303 845 434
304 561 907
304 907 564
304 564 912
304 912 563
304 563 911
304 911 562
304 562 910
304 910 561
305 777 910
305 910 562
305 562 911
305 911 775
305 775 1015
305 1015 746
305 746 1010
305 1010 777
306 774 1016
306 1016 748
306 748 1015
306 1015 775
306 775 911
306 911 563
306 563 912
306 912 774
307 568 913
307 913 565
307 565 914
307 914 566
307 566 915
307 915 567
307 567 916
307 916 568
308 569 846
308 846 520
308 520 889
308 889 570
308 570 918
308 918 573
308 573 917
308 917 569
309 570 889
309 889 519
309 519 886
309 886 571
309 571 919
309 919 574
309 574 918
309 918 570
310 571 886
310 886 518
310 518 863
310 863 572
310 572 920
310 920 575
310 575 919
310 919 571
311 572 863
311 863 461
311 461 846
311 846 569
311 569 917
311 917 576
311 576 920
311 920 572
312 578 917
312 917 573
312 573 918
312 918 580
312 580 922
312 922 585
312 585 921
312 921 578
313 577 921
313 921 585
313 585 922
313 922 579
313 579 914
313 914 565
313 565 913
313 913 577
314 580 918
314 918 574
314 574 919
314 919 582
314 582 923
314 923 586
314 586 922
314 922 580
315 579 922
315 922 586
315 586 923
315 923 581
315 581 915
315 915 566
315 566 914
315 914 579
316 582 919
316 919 575
316 575 920
316 920 584
316 584 924
316 924 587
316 587 923
316 923 582
317 581 923
317 923 587
317 587 924
317 924 583
317 583 916
317 916 567
317 567 915
317 915 581
318 584 920
318 920 576
318 576 917
318 917 578
318 578 921
318 921 588
318 588 924
318 924 584
319 583 924
319 924 588
319 588 921
319 921 577
319 577 913
319 913 568
319 568 916
319 916 583
320 623 946
320 946 606
320 606 925
320 925 589
320 589 926
320 926 605
320 605 945
320 945 623
321 590 927
321 927 608
321 608 948
321 948 624
321 624 947
321 947 607
321 607 928
321 928 590
322 591 928
322 928 607
322 607 947
322 947 625
322 625 949
322 949 609
322 609 929
322 929 591
323 626 945
323 945 605
323 605 926
323 926 592
323 592 930
323 930 610
323 610 950
323 950 626
324 627 950
324 950 610
324 610 930
324 930 593
324 593 931
324 931 611
324 611 951
324 951 627
325 594 929
325 929 609
325 609 949
325 949 628
325 628 952
325 952 612
325 612 932
325 932 594
326 595 932
326 932 612
326 612 952
326 952 629
326 629 953
326 953 613
326 613 933
326 933 595
327 630 951
327 951 611
327 611 931
327 931 596
327 596 934
327 934 614
327 614 954
327 954 630
328 597 936
328 936 615
328 615 955
328 955 631
328 631 956
328 956 616
328 616 937
328 937 597
329 632 957
329 957 617
329 617 938
329 938 600
329 600 939
329 939 618
329 618 958
329 958 632
330 599 937
330 937 616
330 616 956
330 956 781
330 781 853
330 853 807
330 807 940
330 940 599
331 633 954
331 954 614
331 614 934
331 934 601
331 601 941
331 941 619
331 619 959
331 959 633
332 602 933
332 933 613
332 613 953
332 953 634
332 634 960
332 960 620
332 620 942
332 942 602
333 603 942
333 942 620
333 620 960
333 960 635
333 635 961
333 961 621
333 621 943
333 943 603
334 636 959
334 959 619
334 619 941
334 941 604
334 604 944
334 944 622
334 622 962
334 962 636
335 643 963
335 963 637
335 637 925
335 925 606
335 606 946
335 946 641
335 641 965
335 965 643
336 643 965
336 965 642
336 642 955
336 955 615
336 615 936
336 936 638
336 638 963
336 963 643
337 589 925
337 925 646
337 646 967
337 967 665
337 665 966
337 966 644
337 644 926
337 926 589
338 665 967
338 967 647
338 647 927
338 927 590
338 590 928
338 928 645
338 645 966
338 966 665
339 592 926
339 926 644
339 644 966
339 966 666
339 666 968
339 968 649
339 649 930
339 930 592
340 666 966
340 966 645
340 645 928
340 928 591
340 591 929
340 929 648
340 648 968
340 968 666
341 593 930
341 930 649
341 649 968
341 968 667
341 667 969
341 969 650
341 650 931
341 931 593
342 667 968
342 968 648
342 648 929
342 929 594
342 594 932
342 932 651
342 651 969
342 969 667
343 596 931
343 931 650
343 650 969
343 969 668
343 668 970
343 970 653
343 653 934
343 934 596
344 668 969
344 969 651
344 651 932
344 932 595
344 595 933
344 933 652
344 652 970
344 970 668
345 598 935
345 935 654
345 654 971
345 971 669
345 669 972
345 972 657
345 657 938
345 938 598
346 669 971
346 971 655
346 655 936
346 936 597
346 597 937
346 937 656
346 656 972
346 972 669
347 600 938
347 938 657
347 657 972
347 972 670
347 670 973
347 973 658
347 658 939
347 939 600
348 670 972
348 972 656
348 656 937
348 937 599
348 599 940
348 940 659
348 659 973
348 973 670
349 601 934
349 934 653
349 653 970
349 970 671
349 671 974
349 974 660
349 660 941
349 941 601
350 671 970
350 970 652
350 652 933
350 933 602
350 602 942
350 942 661
350 661 974
350 974 671
351 604 941
351 941 660
351 660 974
351 974 672
351 672 975
351 975 663
351 663 944
351 944 604
352 672 974
352 974 661
352 661 942
352 942 603
352 603 943
352 943 662
352 662 975
352 975 672
353 621 961
353 961 779
353 779 866
353 866 811
353 811 975
353 975 662
353 662 943
353 943 621
354 811 866
354 866 778
354 778 962
354 962 622
354 622 944
354 944 663
354 663 975
354 975 811
355 673 976
355 976 664
355 664 964
355 964 639
355 639 927
355 927 647
355 647 967
355 967 673
356 674 971
356 971 654
356 654 935
356 935 640
356 640 964
356 964 664
356 664 976
356 976 674
357 677 971
357 971 674
357 674 976
357 976 675
357 675 977
357 977 676
357 676 978
357 978 677
358 675 976
358 976 673
358 673 967
358 967 678
358 678 979
358 979 679
358 679 977
358 977 675
359 681 936
359 936 655
359 655 971
359 971 677
359 677 978
359 978 680
359 680 980
359 980 681
360 678 967
360 967 646
360 646 925
360 925 682
360 682 981
360 981 683
360 683 979
360 979 678
361 685 963
361 963 638
361 638 936
361 936 681
361 681 980
361 980 684
361 684 982
361 982 685
362 682 925
362 925 637
362 637 963
362 963 685
362 685 982
362 982 686
362 686 981
362 981 682
363 689 981
363 981 686
363 686 982
363 982 687
363 687 984
363 984 688
363 688 983
363 983 689
364 687 982
364 982 684
364 684 980
364 980 690
364 690 985
364 985 691
364 691 984
364 984 687
365 693 979
365 979 683
365 683 981
365 981 689
365 689 983
365 983 692
365 692 986
365 986 693
366 690 980
366 980 680
366 680 978
366 978 694
366 694 987
366 987 695
366 695 985
366 985 690
367 697 977
367 977 679
367 679 979
367 979 693
367 693 986
367 986 696
367 696 988
367 988 697
368 694 978
368 978 676
368 676 977
368 977 697
368 697 988
368 988 698
368 698 987
368 987 694
369 701 987
369 987 698
369 698 988
369 988 699
369 699 989
369 989 700
369 700 990
369 990 701
370 699 988
370 988 696
370 696 986
370 986 702
370 702 991
370 991 703
370 703 989
370 989 699
371 705 985
371 985 695
371 695 987
371 987 701
371 701 990
371 990 704
371 704 992
371 992 705
372 702 986
372 986 692
372 692 983
372 983 706
372 706 993
372 993 707
372 707 991
372 991 702
373 709 984
373 984 691
373 691 985
373 985 705
373 705 992
373 992 708
373 708 994
373 994 709
374 706 983
374 983 688
374 688 984
374 984 709
374 709 994
374 994 710
374 710 993
374 993 706
375 708 992
375 992 704
375 704 990
375 990 700
375 700 989
375 989 711
375 711 994
375 994 708
376 710 994
376 994 711
376 711 989
376 989 703
376 703 991
376 991 707
376 707 993
376 993 710
377 714 973
377 973 659
377 659 940
377 940 712
377 712 996
377 996 713
377 713 995
377 995 714
378 712 940
378 940 807
378 807 853
378 853 521
378 521 887
378 887 806
378 806 996
378 996 712
379 718 996
379 996 806
379 806 887
379 887 525
379 525 893
379 893 805
379 805 999
379 999 718
380 717 997
380 997 715
380 715 995
380 995 719
380 719 1000
380 1000 720
380 720 998
380 998 717
381 719 995
381 995 713
381 713 996
381 996 718
381 718 999
381 999 721
381 721 1000
381 1000 719
382 805 893
382 893 531
382 531 895
382 895 804
382 804 1000
382 1000 721
382 721 999
382 999 805
383 804 895
383 895 533
383 533 892
383 892 803
383 803 998
383 998 720
383 720 1000
383 1000 804
384 539 901
384 901 800
384 800 1002
384 1002 722
384 722 1001
384 1001 801
384 801 896
384 896 539
385 540 900
385 900 810
385 810 1003
385 1003 723
385 723 1002
385 1002 800
385 800 901
385 901 540
386 803 892
386 892 541
386 541 902
386 902 802
386 802 1004
386 1004 724
386 724 998
386 998 803
387 802 902
387 902 542
387 542 896
387 896 801
387 801 1001
387 1001 725
387 725 1004
387 1004 802
388 717 998
388 998 724
388 724 1004
388 1004 730
388 730 1005
388 1005 726
388 726 997
388 997 717
389 730 1004
389 1004 725
389 725 1001
389 1001 722
389 722 1002
389 1002 727
389 727 1005
389 1005 730
390 716 997
390 997 726
390 726 1005
390 1005 731
390 731 1006
390 1006 728
390 728 939
390 939 716
391 731 1005
391 1005 727
391 727 1002
391 1002 723
391 723 1003
391 1003 729
391 729 1006
391 1006 731
392 618 939
392 939 728
392 728 1006
392 1006 808
392 808 906
392 906 809
392 809 958
392 958 618
393 808 1006
393 1006 729
393 729 1003
393 1003 810
393 810 900
393 900 550
393 550 906
393 906 808
394 734 964
394 964 640
394 640 935
394 935 732
394 732 1007
394 1007 733
394 733 1008
394 1008 734
395 736 927
395 927 639
395 639 964
395 964 734
395 734 1008
395 1008 735
395 735 1009
395 1009 736
396 739 938
396 938 617
396 617 957
396 957 737
396 737 1010
396 1010 738
396 738 1011
396 1011 739
397 740 948
397 948 608
397 608 927
397 927 736
397 736 1009
397 1009 741
397 741 1012
397 1012 740
398 732 935
398 935 598
398 598 938
398 938 739
398 739 1011
398 1011 742
398 742 1007
398 1007 732
399 745 1007
399 1007 742
399 742 1011
399 1011 743
399 743 1013
399 1013 744
399 744 1014
399 1014 745
400 743 1011
400 1011 738
400 738 1010
400 1010 746
400 746 1015
400 1015 747
400 747 1013
400 1013 743
401 748 1016
401 1016 749
401 749 1014
401 1014 744
401 744 1013
401 1013 747
401 747 1015
401 1015 748
402 750 1017
402 1017 753
402 753 1020
402 1020 752
402 752 1019
402 1019 751
402 751 1018
402 1018 750
403 716 939
403 939 754
403 754 1021
403 1021 758
403 758 1022
403 1022 755
403 755 997
403 997 716
404 715 997
404 997 755
404 755 1022
404 1022 759
404 759 1023
404 1023 756
404 756 995
404 995 715
405 714 995
405 995 756
405 756 1023
405 1023 760
405 760 1024
405 1024 757
405 757 973
405 973 714
406 658 973
406 973 757
406 757 1024
406 1024 761
406 761 1021
406 1021 754
406 754 939
406 939 658
407 758 1021
407 1021 763
407 763 1025
407 1025 770
407 770 1026
407 1026 765
407 765 1022
407 1022 758
408 770 1025
408 1025 762
408 762 1017
408 1017 750
408 750 1018
408 1018 764
408 764 1026
408 1026 770
409 759 1022
409 1022 765
409 765 1026
409 1026 771
409 771 1027
409 1027 767
409 767 1023
409 1023 759
410 771 1026
410 1026 764
410 764 1018
410 1018 751
410 751 1019
410 1019 766
410 766 1027
410 1027 771
411 760 1023
411 1023 767
411 767 1027
411 1027 772
411 772 1028
411 1028 769
411 769 1024
411 1024 760
412 772 1027
412 1027 766
412 766 1019
412 1019 752
412 752 1020
412 1020 768
412 768 1028
412 1028 772
413 761 1024
413 1024 769
413 769 1028
413 1028 773
413 773 1025
413 1025 763
413 763 1021
413 1021 761
414 773 1028
414 1028 768
414 768 1020
414 1020 753
414 753 1017
414 1017 762
414 762 1025
414 1025 773
415 814 909
415 909 776
415 776 1012
415 1012 812
415 812 1030
415 1030 813
415 813 1029
415 1029 814
416 817 1016
416 1016 774
416 774 912
416 912 815
416 815 1031
416 1031 816
416 816 1032
416 1032 817
417 819 1014
417 1014 749
417 749 1016
417 1016 817
417 817 1032
417 1032 818
417 818 1033
417 1033 819
418 821 1007
418 1007 745
418 745 1014
418 1014 819
418 819 1033
418 1033 820
418 820 1034
418 1034 821
419 812 1012
419 1012 741
419 741 1009
419 1009 822
419 822 1035
419 1035 823
419 823 1030
419 1030 812
420 822 1009
420 1009 735
420 735 1008
420 1008 824
420 824 1036
420 1036 825
420 825 1035
420 1035 822
421 824 1008
421 1008 733
421 733 1007
421 1007 821
421 821 1034
421 1034 826
421 826 1036
421 1036 824
422 815 912
422 912 564
422 564 907
422 907 827
422 827 1037
422 1037 828
422 828 1031
422 1031 815
423 830 908
423 908 558
423 558 909
423 909 814
423 814 1029
423 1029 829
423 829 1038
423 1038 830
424 827 907
424 907 556
424 556 908
424 908 830
424 830 1038
424 1038 831
424 831 1037
424 1037 827
