81
-0.52592 -0.04585 -1.55070
0.01299 -0.03894 -1.52005
0.01394 0.03403 -1.54457
-0.52460 0.05498 -1.51546
0.03951 -0.00279 -1.53384
-0.23610 -0.06711 -1.53384
-0.57888 0.00526 -1.53384
-0.23433 0.06868 -1.53384
-0.23521 0.00079 -1.53384
-0.23522 0.00067 -1.52771
-0.23434 0.06857 -1.52771
-0.57889 0.00515 -1.52771
-0.23611 -0.06722 -1.52771
0.03951 -0.00291 -1.52771
-0.52461 0.05486 -1.50933
0.01393 0.03392 -1.53844
0.01298 -0.03905 -1.51392
-0.52592 -0.04596 -1.54457
-0.52592 -0.04596 -1.54457
0.01298 -0.03905 -1.51392
0.01393 0.03392 -1.53844
-0.52461 0.05486 -1.50933
0.03951 -0.00291 -1.52771
-0.23611 -0.06722 -1.52771
-0.57889 0.00515 -1.52771
-0.23434 0.06857 -1.52771
-0.23522 0.00067 -1.52771
0.38727 -0.43137 -1.55070
0.07250 0.00612 -1.52005
0.01218 -0.03496 -1.54457
0.30392 -0.48812 -1.51546
0.02768 0.00711 -1.53384
0.23845 -0.18177 -1.53384
0.37578 -0.50407 -1.53384
0.12620 -0.25820 -1.53384
0.18233 -0.21999 -1.53384
0.18243 -0.21993 -1.52771
0.12630 -0.25815 -1.52771
0.37588 -0.50401 -1.52771
0.23855 -0.18171 -1.52771
0.02778 0.00717 -1.52771
0.30402 -0.48806 -1.50933
0.01228 -0.03490 -1.53844
0.07260 0.00618 -1.51392
0.38737 -0.43131 -1.54457
0.38737 -0.43131 -1.54457
0.07260 0.00618 -1.51392
0.01228 -0.03490 -1.53844
0.30402 -0.48806 -1.50933
0.02778 0.00717 -1.52771
0.23855 -0.18171 -1.52771
0.37588 -0.50401 -1.52771
0.12630 -0.25815 -1.52771
0.18243 -0.21993 -1.52771
0.27058 0.50386 -1.55070
0.00711 0.03370 -1.52005
0.06983 -0.00361 -1.54457
0.35724 0.45231 -1.51546
0.02516 -0.00734 -1.53384
0.10726 0.26350 -1.53384
0.34133 0.52418 -1.53384
0.22397 0.19408 -1.53384
0.16562 0.22879 -1.53384
0.16552 0.22886 -1.52771
0.22388 0.19414 -1.52771
0.34123 0.52424 -1.52771
0.10717 0.26357 -1.52771
0.02506 -0.00728 -1.52771
0.35715 0.45238 -1.50933
0.06974 -0.00354 -1.53844
0.00702 0.03377 -1.51392
0.27049 0.50393 -1.54457
0.27049 0.50393 -1.54457
0.00702 0.03377 -1.51392
0.06974 -0.00354 -1.53844
0.35715 0.45238 -1.50933
0.02506 -0.00728 -1.52771
0.10717 0.26357 -1.52771
0.34123 0.52424 -1.52771
0.22388 0.19414 -1.52771
0.16552 0.22886 -1.52771
-0.36726 -0.77832 -0.50924
0.42836 -0.77842 -0.45889
0.47067 0.73568 -0.48709
-0.33425 0.84257 -0.42232
0.63147 -0.10453 -0.76833
0.03771 -0.69979 -0.71335
-0.56526 0.14027 -0.81290
0.01192 0.72588 -0.68772
0.00146 0.01879 -0.99982
-0.00146 -0.01879 0.99982
0.05450 0.69019 0.72157
-0.56785 -0.12575 0.81347
-0.00853 -0.71865 0.69532
0.62971 0.08820 0.77180
-0.34791 0.78624 0.51068
0.44971 0.76148 0.46680
0.45392 -0.74233 0.49286
-0.35680 -0.83199 0.42484
-0.03254 -0.15408 0.98752
-0.03261 0.13974 0.98965
0.02829 0.10843 0.99370
0.03103 -0.16854 0.98521
-0.00216 0.12414 0.99226
-0.03292 -0.00724 0.99943
-0.00076 -0.16139 0.98689
0.02993 -0.03035 0.99909
-0.00146 -0.01879 0.99982
0.84822 0.14561 -0.50924
0.39196 0.79736 -0.45889
-0.87260 -0.03645 -0.48708
-0.49849 -0.75706 -0.42233
-0.27657 0.57721 -0.76833
0.55163 0.43225 -0.71335
0.20933 -0.54348 -0.81290
-0.60144 -0.40657 -0.68773
-0.01625 -0.00959 -0.99982
0.01625 0.00959 0.99982
-0.59663 -0.35123 0.72157
0.42871 -0.39304 0.81347
0.59361 0.40519 0.69531
-0.43343 0.46525 0.77180
-0.44449 -0.73595 0.51068
-0.88172 -0.06840 0.46679
0.34775 0.79760 0.49286
0.88617 0.18496 0.42483
0.14487 0.06173 0.98752
-0.09578 -0.10687 0.98965
-0.10506 -0.03902 0.99370
0.12028 0.12208 0.98521
-0.10048 -0.07297 0.99226
0.02480 -0.02281 0.99943
0.13266 0.09196 0.98689
0.00767 0.04193 0.99909
0.01625 0.00959 0.99982
-0.49042 0.70722 -0.50925
-0.88830 0.01825 -0.45889
0.40181 -0.77544 -0.48708
0.89681 -0.13183 -0.42232
-0.40627 -0.49458 -0.76833
-0.62489 0.31725 -0.71335
0.40411 0.41937 -0.81291
0.62265 -0.37328 -0.68772
0.01554 -0.01068 -0.99982
-0.01554 0.01068 0.99982
0.57045 -0.39233 0.72157
0.17505 0.55465 0.81346
-0.61809 0.36674 0.69532
-0.23846 -0.58945 0.77181
0.85485 -0.09184 0.51068
0.43462 -0.77020 0.46679
-0.86983 -0.02193 0.49286
-0.54211 0.72500 0.42483
-0.11718 0.10522 0.98752
0.13731 -0.04163 0.98965
0.07975 -0.07873 0.99370
-0.16149 0.05740 0.98520
0.10861 -0.06022 0.99226
0.01018 0.03211 0.99943
-0.13939 0.08135 0.98689
-0.04125 -0.01078 0.99909
-0.01554 0.01068 0.99982
0.0 0.0
0.0 0.0
0.0 0.0
0.0 0.0
0.0 0.0
0.0 0.0
0.0 0.0
0.0 0.0
0.0 0.0
0.0 0.0
0.0 0.0
0.0 0.0
0.0 0.0
0.0 0.0
0.0 0.0
0.0 0.0
0.0 0.0
0.0 0.0
0.0 0.0
0.0 0.0
0.0 0.0
0.0 0.0
0.0 0.0
0.0 0.0
0.0 0.0
0.0 0.0
0.0 0.0
0.0 0.0
0.0 0.0
0.0 0.0
0.0 0.0
0.0 0.0
0.0 0.0
0.0 0.0
0.0 0.0
0.0 0.0
0.0 0.0
0.0 0.0
0.0 0.0
0.0 0.0
0.0 0.0
0.0 0.0
0.0 0.0
0.0 0.0
0.0 0.0
0.0 0.0
0.0 0.0
0.0 0.0
0.0 0.0
0.0 0.0
0.0 0.0
0.0 0.0
0.0 0.0
0.0 0.0
0.0 0.0
0.0 0.0
0.0 0.0
0.0 0.0
0.0 0.0
0.0 0.0
0.0 0.0
0.0 0.0
0.0 0.0
0.0 0.0
0.0 0.0
0.0 0.0
0.0 0.0
0.0 0.0
0.0 0.0
0.0 0.0
0.0 0.0
0.0 0.0
0.0 0.0
0.0 0.0
0.0 0.0
0.0 0.0
0.0 0.0
0.0 0.0
0.0 0.0
0.0 0.0
0.0 0.0
120
6 3 7
6 7 8
0 6 8
0 8 5
8 7 2
8 2 4
5 8 4
5 4 1
7 3 14
7 14 10
2 7 10
2 10 15
3 6 11
3 11 14
6 0 17
6 17 11
5 1 16
5 16 12
0 5 12
0 12 17
4 2 15
4 15 13
1 4 13
1 13 16
10 14 11
10 11 9
9 11 17
9 17 12
15 10 9
15 9 13
13 9 12
13 12 16
22 26 23
22 23 19
20 25 26
20 26 22
26 24 18
26 18 23
25 21 24
25 24 26
33 30 34
33 34 35
27 33 35
27 35 32
35 34 29
35 29 31
32 35 31
32 31 28
34 30 41
34 41 37
29 34 37
29 37 42
30 33 38
30 38 41
33 27 44
33 44 38
32 28 43
32 43 39
27 32 39
27 39 44
31 29 42
31 42 40
28 31 40
28 40 43
37 41 38
37 38 36
36 38 44
36 44 39
42 37 36
42 36 40
40 36 39
40 39 43
49 53 50
49 50 46
47 52 53
47 53 49
53 51 45
53 45 50
52 48 51
52 51 53
60 57 61
60 61 62
54 60 62
54 62 59
62 61 56
62 56 58
59 62 58
59 58 55
61 57 68
61 68 64
56 61 64
56 64 69
57 60 65
57 65 68
60 54 71
60 71 65
59 55 70
59 70 66
54 59 66
54 66 71
58 56 69
58 69 67
55 58 67
55 67 70
64 68 65
64 65 63
63 65 71
63 71 66
69 64 63
69 63 67
67 63 66
67 66 70
76 80 77
76 77 73
74 79 80
74 80 76
80 78 72
80 72 77
79 75 78
79 78 80
